

169	9	1
30	15	1
8	16	1
105	22	1
73	26	1
20	32	1
1	33	1
66	36	1
63	38	1
159	41	1
129	44	1
168	47	1
131	50	1
79	55	1
17	56	1
146	61	1
134	66	1
33	70	1
176	72	1
14	80	1
110	82	1
167	86	1
64	95	1
31	99	1
112	115	1
180	122	1
178	137	1
10	160	1
22	168	1
87	386	1
88	8	1
139	15	1
173	18	1
2	20	1
108	24	1
148	30	1
165	32	1
28	37	1
177	37	1
81	43	1
71	46	1
94	48	1
111	51	1
123	54	1
72	57	1
41	59	1
119	65	1
65	70	1
59	74	1
13	78	1
136	84	1
125	89	1
149	96	1
16	101	1
118	106	1
166	124	1
115	130	1
78	150	1
38	163	1
21	257	1
19	4	1
144	12	1
11	18	1
77	22	1
34	22	1
86	32	1
84	35	1
85	37	1
98	38	1
107	43	1
6	44	1
114	46	1
91	51	1
143	53	1
154	58	1
113	58	1
5	62	1
7	67	1
117	75	1
153	77	1
75	83	1
51	93	1
95	93	1
35	104	1
158	109	1
174	126	1
122	132	1
90	158	1
150	174	1
156	458	1
130	2	1
99	14	1
40	19	1
48	21	1
54	25	1
52	32	1
138	35	1
101	36	1
152	38	1
164	39	1
162	46	1
104	47	1
12	49	1
70	52	1
62	56	1
89	61	1
61	65	1
49	70	1
37	73	1
55	76	1
39	83	1
18	88	1
46	95	1
3	98	1
23	104	1
127	130	1
67	132	1
100	151	1
60	199	1
128	418	1
25	10	2
76	15	2
171	20	2
170	22	2
36	24	2
172	29	2
45	35	2
80	37	2
15	38	2
175	40	2
151	43	2
160	49	2
42	50	2
50	55	2
9	58	2
32	60	2
106	62	2
53	69	2
92	74	2
82	79	2
147	86	2
26	87	2
133	94	2
74	97	2
103	109	2
121	129	2
142	135	2
96	144	2
145	192	2
4	236	2
163	6	3
97	14	3
47	16	3
137	21	3
44	27	3
102	31	3
43	36	3
68	36	3
120	38	3
57	42	3
132	46	3
124	48	3
141	51	3
161	54	3
56	57	3
93	60	3
155	65	3
109	69	3
69	75	3
126	77	3
24	82	3
135	92	3
140	96	3
83	100	3
27	120	3
157	124	3
58	140	3
179	148	3
29	183	3
116	463	3
