

77	10	1
100	13	1
152	18	1
145	20	1
13	25	1
71	29	1
116	31	1
157	38	1
141	38	1
76	51	1
80	52	1
169	54	1
58	61	1
62	61	1
109	69	1
29	71	1
85	80	1
42	90	1
161	97	1
162	102	1
16	109	1
87	112	1
158	125	1
63	143	1
26	182	1
105	186	1
129	242	1
96	302	1
130	397	1
7	438	1
114	8	1
72	15	1
90	19	1
68	24	1
47	26	1
150	30	1
93	33	1
102	36	1
146	44	1
67	49	1
123	53	1
120	56	1
164	61	1
91	64	1
44	67	1
173	72	1
32	77	1
101	82	1
154	99	1
65	99	1
168	104	1
177	117	1
11	122	1
20	140	1
34	163	1
24	210	1
103	216	1
143	285	1
75	422	1
81	442	1
55	7	1
59	13	1
3	17	1
171	23	1
134	25	1
126	31	1
61	33	1
94	36	1
12	41	1
70	49	1
36	51	1
27	56	1
159	57	1
97	66	1
84	68	1
166	71	1
18	81	1
49	85	1
112	99	1
131	100	1
57	104	1
43	115	1
135	121	1
66	134	1
45	167	1
35	196	1
113	215	1
119	340	1
122	393	1
21	459	1
153	3	1
139	11	1
132	16	1
174	25	1
149	28	1
30	30	1
88	32	1
160	38	1
151	42	1
133	48	1
92	53	1
108	55	1
165	57	1
41	66	1
127	70	1
176	77	1
6	78	1
60	88	1
4	98	1
110	101	1
69	105	1
86	120	1
163	132	1
115	138	1
138	160	1
179	195	1
124	243	1
37	277	1
170	402	1
175	509	1
118	9	2
22	15	2
147	18	2
2	24	2
104	27	2
51	28	2
99	33	2
95	35	2
144	43	2
78	46	2
25	54	2
167	54	2
137	57	2
136	63	2
40	68	2
89	74	2
50	81	2
107	89	2
117	97	2
106	103	2
5	108	2
155	118	2
121	127	2
79	138	2
52	179	2
98	199	2
142	213	2
28	302	2
38	358	2
128	465	2
23	8	3
73	13	3
33	18	3
178	25	3
9	26	3
156	31	3
53	31	3
1	38	3
82	41	3
111	48	3
8	51	3
48	55	3
10	60	3
46	61	3
31	68	3
39	74	3
180	80	3
172	84	3
17	94	3
140	100	3
19	107	3
74	120	3
54	128	3
15	143	3
64	175	3
83	187	3
148	250	3
14	272	3
125	382	3
56	424	3
