

-159	-85
-298	-33
129	-238
-256	96
26	-88
12	56
-225	251
-117	146
225	-213
-52	13
-261	165
-11	-31
-94	-72
-297	242
114	-267
161	-107
158	127
-107	-170
-235	160
58	-200
285	-274
-137	-145
99	-180
183	120
130	202
204	214
122	110
25	-38
-289	174
58	-33
278	-131
-173	-186
236	-244
-205	-135
-30	134
-291	-23
79	230
268	-41
87	-35
-114	-240
-131	126
219	-70
53	-206
23	-222
-109	8
-79	178
114	-262
-296	-290
241	162
-60	-238
216	54
-76	175
253	-181
-4	273
142	170
273	-165
232	55
-116	-138
-199	220
292	221
-187	292
81	-31
129	50
92	-5
115	-213
-76	-121
-197	83
-67	-196
27	274
-257	262
25	-81
146	-252
204	223
65	-24
147	175
218	140
38	43
250	260
-14	162
-16	121
-213	149
-262	24
101	-136
-199	-150
16	-165
-205	-243
-112	145
-17	113
157	252
215	-290
-63	-104
-140	160
275	134
-35	193
-89	189
84	193
-105	-256
-71	-50
204	270
-291	258
107	35
-154	-82
-226	22
70	174
-5	-105
-275	-175
45	-64
-281	-164
267	-224
120	-201
186	161
111	77
209	121
-110	-215
11	5
-1	216
-36	-248
177	-78
173	-190
288	-188
-142	-184
202	-129
240	-104
14	-282
-52	-298
19	-184
-220	167
-17	179
193	38
-191	84
-15	-20
241	-111
-261	283
-243	17
-91	-200
73	247
-199	-27
-110	132
-75	48
75	29
184	188
231	-212
278	-33
288	-262
45	152
153	-115
-297	-130
19	234
206	-38
22	92
-273	240
15	143
289	46
180	222
-194	101
40	-121
17	69
-299	88
89	-228
149	-108
190	43
-265	-188
219	18
-283	46
-274	272
-69	-23
-253	234
145	178
-42	68
-76	-169
243	270
95	-289
192	-106
252	168
-35	234
267	-268
183	201
-88	114
-176	217
196	-39


62	121	-123	600
174	196	223	560
1	-295	5	440
119	180	6	420
15	150	-248	440
155	-271	161	460
67	-220	23	460
35	-101	131	340
14	-288	204	560
38	87	40	580
34	-257	-101	440
113	142	120	380
6	0	96	1040
24	-102	98	660
178	144	-189	520
140	125	113	420
86	-299	-257	600
79	-247	184	1100
48	-267	-232	420
27	16	145	360
109	313	-256	340
85	111	60	340
151	-196	-101	1360
89	127	221	420
44	-69	-254	500
165	-249	252	320
33	220	-255	600
114	-119	-226	540
161	257	51	380
126	-17	-228	400
58	-235	102	900
28	0	-1	320
100	-318	203	440
92	-207	121	440
167	-189	235	380
179	-179	229	420
172	131	-266	420
130	-159	194	580
171	284	272	300
96	84	241	380
10	-154	1	500
99	203	259	340
49	300	214	820
8	-104	200	460
142	254	-93	1960
123	198	-77	520
4	-203	21	560
115	1	33	460
91	-74	-116	380
105	-15	-82	540
37	180	239	1140
42	114	-2	300
64	108	-24	480
125	-140	-208	1320
134	-98	175	940
20	-274	-110	620
112	-151	99	600
22	162	101	680
110	150	-130	460
104	34	203	460
129	277	11	440
50	1	-143	460
88	-20	133	520
23	136	-231	1020
170	112	185	600
157	5	194	640
32	-143	-218	460
176	286	-250	380
166	127	61	420
55	171	216	520
139	-109	88	520
30	52	-33	1280
57	46	98	400
75	188	165	300
143	317	29	500
84	-276	-169	460
148	89	183	380
69	153	229	1020
173	217	78	400
156	142	-177	1000
60	-230	199	520
117	-217	-238	440
154	285	255	460
56	251	-85	560
66	-113	92	1580
137	-77	140	900
73	104	92	560
47	128	-200	420
135	106	-181	440
41	-94	171	700
107	71	-25	820
43	10	-282	620
131	-49	-36	960
81	-266	133	480
74	189	-94	1160
164	-309	155	420
12	19	-48	360
132	289	-79	720
106	-177	-163	500
162	-273	-200	440
39	148	49	620
31	319	-102	340
97	-89	-257	760
76	337	153	1020
40	-175	201	720
21	203	248	720
61	-229	246	680
3	254	-257	440
150	-164	-176	440
144	113	126	1220
72	130	-265	560
2	-291	-79	500
5	341	-3	440
146	163	-266	540
59	-200	78	540
68	-128	-186	660
133	-268	174	480
11	-161	199	460
77	62	83	360
54	-92	-239	540
90	313	-263	440
9	260	-263	580
163	384	27	360
153	249	174	480
122	329	-99	440
26	173	218	620
87	-150	181	460
138	-157	109	420
149	278	-45	700
136	86	219	560
177	209	-18	460
120	347	-210	440
78	209	230	640
111	195	239	540
160	290	-186	440
93	324	220	400
159	-192	-192	500
102	-251	-1	800
53	291	-76	460
108	-319	-135	600
141	-265	96	540
16	184	-190	360
158	-286	166	580
83	202	141	480
128	-226	-18	540
180	177	-249	1900
121	-308	121	520
45	-106	-48	500
124	16	-248	820
36	-396	53	3240
71	-143	-242	480
65	153	-194	500
13	-77	24	440
169	-45	73	360
168	119	133	340
7	-280	142	440
19	121	-126	1020
70	-254	206	340
147	269	-14	440
52	-188	153	400
80	168	261	1580
152	14	183	380
63	87	77	440
46	-146	128	340
18	-134	-214	360
29	-223	108	320
103	-328	-165	940
175	-82	123	380
94	-126	-223	1200
25	61	202	680
101	93	59	420
51	337	31	460
127	-283	-86	720
17	-119	141	380
145	29	163	380
118	160	-199	400
98	-112	11	540
82	-283	-1	440
116	16	219	380
95	-119	99	740


54	1
106	1
156	1
142	1
1	2
107	1
170	1
99	1
69	1
163	1
82	1
63	1
49	1
26	1
29	2
89	1
40	1
112	2
74	1
172	1
121	1
169	1
48	1
94	2
147	1
155	1
174	1
123	2
24	1
81	2
70	1
50	2
72	2
165	2
92	1
137	1
32	1
60	1
80	1
115	1
61	1
30	2
11	1
21	2
10	1
55	1
23	1
20	1
128	1
9	1
52	1
58	1
31	1
151	1
171	1
4	1
77	1
96	1
177	1
38	2
56	1
154	1
130	1
43	1
85	1
122	1
45	1
152	1
134	1
25	1
42	1
120	2
179	1
90	1
13	1
127	1
68	1
143	1
27	1
102	2
109	1
167	1
140	1
135	1
28	2
103	1
131	1
160	1
149	1
19	1
93	2
67	1
138	1
175	2
110	1
146	1
17	1
118	1
176	1
87	1
12	1
3	1
46	2
84	2
100	1
98	2
136	1
76	1
59	1
6	2
37	2
173	1
157	1
86	1
79	2
18	1
83	2
41	2
91	1
8	1
2	1
101	1
22	1
164	1
148	1
166	1
119	1
35	1
44	1
133	1
5	1
16	1
117	1
33	2
66	2
75	1
108	2
125	2
132	1
129	1
64	1
145	1
114	1
97	1
116	1
168	1
144	1
14	1
153	1
47	2


54	190	235	3420
106	3	1	100
156	14	-52	940
142	204	-214	720
107	54	-44	620
170	101	208	1040
99	203	210	1700
69	-105	-196	980
163	-327	42	1940
82	-339	1	740
63	72	121	1160
49	182	235	560
26	354	88	1000
89	107	217	620
40	-207	233	680
74	173	-228	3740
172	-140	-232	760
121	-60	-49	1120
169	-48	74	980
48	-326	-275	1440
147	114	-221	860
155	-234	138	760
174	110	-273	1240
24	-125	92	740
70	-286	195	560
92	-278	187	1960
137	-81	63	1560
32	-123	-147	660
60	-160	200	1240
80	211	219	1200
115	-171	-205	500
61	-250	238	760
11	99	146	3140
10	198	153	740
55	147	217	860
23	113	-251	600
20	-352	-103	1500
128	17	192	2220
9	-87	-97	520
52	-140	136	580
58	32	71	780
31	352	-155	1140
151	-77	150	1500
171	129	-220	1300
4	-160	-203	660
77	49	47	660
96	-108	153	1440
177	-315	-257	660
56	322	97	780
154	217	233	800
130	-186	-103	900
43	6	-267	560
85	67	152	920
122	347	135	1280
45	-122	77	1000
152	-149	-252	2060
134	-103	164	660
25	167	201	980
42	67	5	920
179	-236	232	500
90	312	-258	2000
13	-221	174	480
127	-165	-131	560
68	-86	-72	560
143	285	60	980
27	27	94	620
109	313	-232	580
167	-241	208	2300
140	120	61	800
135	-114	82	2740
103	-285	213	680
131	-63	28	620
160	126	-236	2860
149	-310	-80	2880
19	-93	120	700
67	-111	100	660
138	-229	189	700
110	293	96	680
146	-365	179	920
17	71	11	1160
118	-260	-204	2080
176	321	-215	620
87	-247	195	3480
12	292	-221	480
3	-131	-180	940
100	-337	207	640
136	112	221	740
76	352	208	660
59	-281	-15	420
173	113	125	700
157	-54	90	780
86	-260	-235	1060
18	-310	-103	840
91	-112	-106	560
8	89	174	960
2	-338	170	580
101	95	121	2320
22	100	-266	560
164	106	86	480
148	-119	-219	940
166	-382	-131	4040
119	-128	83	980
35	116	98	620
44	-63	-244	1140
133	85	-88	6080
5	298	-95	600
16	224	-194	1660
117	-159	-268	860
75	303	-278	2400
132	343	-213	820
129	231	150	480
64	168	-207	1000
145	-90	194	780
114	-9	-78	860
97	-144	148	2540
116	14	170	1860
168	161	185	740
144	-87	-229	560
14	-269	-97	760
153	92	-131	520


125	-277	190	2400
77	61	30	480
139	-68	93	980
31	376	-146	560
37	200	254	940
110	388	98	700
45	-124	87	800
57	-285	171	1200
164	287	82	1340
147	-193	-204	1440
28	295	-127	1400
105	-61	-137	3220
121	121	-231	1660
54	155	89	1280
109	334	-245	460
21	210	233	3360
104	-246	205	800
123	200	-215	1220
14	-191	145	920
24	-136	86	960
2	-329	-117	3480
74	189	-229	640
161	364	87	1240
93	230	162	1160
144	-135	-211	900
156	129	-123	1600
158	-237	169	1240
118	-64	-42	1540
99	169	212	640
138	-221	222	500
117	-170	-277	680
160	255	-264	620
134	82	232	920
84	-296	-230	540
129	356	-111	940
124	7	-108	2840
15	-326	-139	1940
46	-354	215	2340
9	199	190	2480
163	-234	-234	680
56	180	220	580
94	75	225	1180
137	-80	215	580
140	201	210	1540
101	84	137	480
7	168	-225	600
146	-357	220	3620
3	65	259	740
48	-328	-247	780
80	200	266	580
64	-275	227	840
131	-46	101	820
55	176	212	800
33	116	83	3420
108	-235	-115	1200
62	360	-216	1860
61	-22	-175	840
159	-347	-118	760
128	-1	6	1800
169	-55	72	600
29	-296	219	580
41	83	106	460
155	-229	108	2160
162	-174	-164	700
130	165	236	1300
79	226	248	2240
40	-206	254	920
165	351	-113	580
25	181	239	420
75	-203	-268	1420
116	334	233	1040
172	141	-281	520
180	-91	-246	1560
176	324	-240	540
22	-314	-114	460
47	152	-269	2060
103	-261	212	720
113	-68	-101	640
27	63	145	540
171	205	209	1660
141	-312	-267	1320
83	378	-252	940
87	3	187	600
11	147	153	840
98	-212	-115	1240
177	88	97	680
122	342	-187	640
135	286	25	560
81	-365	140	500
106	267	-242	1720
5	404	-95	440
114	-175	193	800
32	-171	-241	580
42	87	111	1380
152	-131	-126	520
157	-38	175	620
52	-269	-106	600
96	176	226	760
91	-86	60	1040
127	-137	-215	1420
73	37	238	1900
143	306	76	2960
167	-259	231	720
68	-177	-283	680
19	85	2	900
23	142	-256	1220
145	-3	194	1020
178	373	-255	740
136	97	201	660
17	39	218	820
66	-61	76	1400
69	-73	87	3300
86	176	-230	3200
34	-62	-92	2400
13	104	204	1060
126	117	-245	1500
151	-345	206	680
4	-324	-152	1340
58	-90	110	500
133	-226	172	1000
148	41	128	1880
119	-137	95	1260
107	80	88	1860
12	202	-268	1220
38	-70	-116	2260
65	355	209	1140
149	139	-207	1780
35	-184	23	740
173	54	64	1240
166	327	145	1840
72	157	-250	580
153	-349	84	1020
44	340	219	660
175	-334	125	1380
97	-132	205	480
120	430	-165	680
51	166	237	1480
102	-183	-132	1140
85	-123	-231	720
132	407	-98	620
10	329	137	500
71	-291	93	780
150	-144	-199	720
49	207	178	660
50	-85	-245	580
142	151	-258	640
78	153	209	500
6	-2	167	360
18	-184	-155	400
111	147	207	620
95	-261	-96	1600
26	154	-226	1600
92	84	-79	660
70	-272	212	400
8	99	232	460
115	-218	-228	520
168	176	208	420
179	-126	238	520
43	4	-306	440
53	367	-122	780
154	229	212	480
67	-20	87	920
39	124	-111	2100
59	-237	219	640
88	-45	209	1280
60	-60	84	640
36	-114	-249	1480
89	145	249	500
82	-331	99	660
1	-330	-156	600
20	-342	-178	3920
76	352	199	560
100	-362	189	640
30	59	-46	1080
90	-69	-270	720
174	168	236	560
63	-75	108	580
16	-146	-126	900
170	-22	-170	960
112	166	208	800
