

93	6	1
110	16	1
2	23	1
161	27	1
126	38	1
32	41	1
4	42	1
25	46	1
17	52	1
130	56	1
65	62	1
171	65	1
82	69	1
152	72	1
148	79	1
162	80	1
163	86	1
38	91	1
24	92	1
91	100	1
165	101	1
22	109	1
77	111	1
105	132	1
128	152	1
180	155	1
118	247	1
140	291	1
89	379	1
98	623	1
169	2	1
81	13	1
54	20	1
45	31	1
108	33	1
37	40	1
72	45	1
42	48	1
58	52	1
47	56	1
120	63	1
125	65	1
75	68	1
144	73	1
53	76	1
139	81	1
179	84	1
35	88	1
29	91	1
39	99	1
166	103	1
26	109	1
172	112	1
73	134	1
10	146	1
127	158	1
94	208	1
159	326	1
74	333	1
150	417	1
12	5	1
104	9	1
76	18	1
13	31	1
85	36	1
34	41	1
50	43	1
16	46	1
67	50	1
155	54	1
100	63	1
55	65	1
36	70	1
88	73	1
23	75	1
158	80	1
160	84	1
1	89	1
79	92	1
114	96	1
149	102	1
14	110	1
147	113	1
131	120	1
49	140	1
69	163	1
109	185	1
156	257	1
174	342	1
80	478	1
28	3	1
41	13	1
95	18	1
151	25	1
15	32	1
60	41	1
63	44	1
7	46	1
46	53	1
64	57	1
90	61	1
44	66	1
136	67	1
84	73	1
142	76	1
52	80	1
133	83	1
101	91	1
121	95	1
134	97	1
122	103	1
146	110	1
70	118	1
177	130	1
21	140	1
170	161	1
51	234	1
33	332	1
111	386	1
115	661	1
168	4	2
97	12	2
102	21	2
57	26	2
164	36	2
99	41	2
117	42	2
175	47	2
123	49	2
48	59	2
106	59	2
116	65	2
71	71	2
59	74	2
86	76	2
19	82	2
138	84	2
103	89	2
27	96	2
20	100	2
176	106	2
83	110	2
141	115	2
11	121	2
153	136	2
61	181	2
96	233	2
107	316	2
173	394	2
30	461	2
119	9	3
43	13	3
78	19	3
145	29	3
137	37	3
112	41	3
135	44	3
3	47	3
87	53	3
62	58	3
154	60	3
92	65	3
157	66	3
8	74	3
132	79	3
178	80	3
68	82	3
129	89	3
5	95	3
124	98	3
9	104	3
167	110	3
66	112	3
31	130	3
56	137	3
143	182	3
113	185	3
18	311	3
6	351	3
40	577	3
