

104	-50
-49	65
103	-233
-183	159
-41	72
32	28
7	-212
-197	63
-294	-217
-84	-149
58	-111
-300	178
-179	41
-137	-170
131	244
-48	-163
35	207
276	-55
-98	-159
217	268
-89	111
296	230
-58	146
-279	-50
-44	99
-217	147
-165	95
287	-205
238	-224
-12	92
-133	11
293	-97
288	-209
4	-98
-149	-20
95	252
-299	225
278	170
296	127
140	164
166	42
3	197
-114	97
-216	-117
-262	270
-278	116
-168	-36
158	-64
31	-272
-56	173
-233	139
251	-188
190	-104
-201	-13
224	99
-160	-202
-19	-80
276	-205
238	55
41	227
-41	180
-169	-203
-173	118
-291	-54
105	151
187	167
-16	123
-25	-115
97	140
-144	80
-25	-104
-70	75
-66	-63
-294	220
191	-129
261	-126
170	-9
5	153
94	46
97	211
292	-199
34	-72
150	-184
94	124
256	-15
249	-55
3	-87
266	-144
176	259
63	-10
-288	-259
-27	-203
175	46
60	15
-110	-49
-98	31
-120	110
142	-60
-240	136
7	258
-150	-122
-272	189
287	236
-147	-228
-193	-238
207	-192
97	55
-248	191
141	127
154	28
218	278
111	-149
214	136
106	-289
171	77
-270	53
-225	-210
-31	22
108	128
-250	101
69	150
-136	288
-134	264
-112	118
42	-296
102	-97
-14	226
-181	60
268	-48
-87	-202
23	-269
85	101
-279	-103
-209	-7
162	-159
9	-237
223	146
166	-1
-93	-26
28	-35
176	99
244	-103
16	241
280	134
133	-274
-213	-219
74	122
228	-79
208	-244
-126	78
38	187
-54	-238
52	-92
-181	83
-72	-31
-131	-113
-96	284
-203	-229
188	67
71	112
-230	287
258	-129
-23	-178
-81	-167
129	-93
138	-262
246	68
-11	142
173	216
106	-159
60	173
-83	-276
131	16
266	95
221	83
-123	-110
175	-101
238	-256
-145	-4
244	-248


97	-84	80	2020
120	-143	36	1200
116	-204	163	1280
76	258	35	500
89	173	243	540
37	-51	102	820
69	133	-182	860
15	170	29	760
3	247	-231	820
110	134	-63	320
25	-35	178	240
148	224	-88	220
88	236	-131	280
10	67	-12	260
172	-84	-278	360
62	-101	-227	320
158	-258	-249	360
123	-61	100	680
170	142	-24	340
36	98	113	320
70	-100	138	280
81	303	-284	340
74	-134	-270	360
138	153	8	400
157	-96	258	340
141	212	49	240
54	-216	-23	320
106	231	-220	600
30	11	70	560
48	119	-42	260
68	-51	-77	220
73	-106	23	1580
119	97	108	500
5	-80	106	500
53	147	-24	260
83	153	-129	520
33	273	-249	360
135	168	-161	340
78	10	168	320
161	-183	243	340
6	56	44	320
163	-83	-120	380
124	-104	140	260
72	100	-21	520
49	7	-239	1720
176	-112	-145	240
113	198	-89	480
16	89	-132	340
94	59	-25	280
143	7	251	700
27	-201	3	440
91	-286	127	400
122	-106	295	360
79	107	49	260
61	10	153	380
92	-3	-116	280
64	-311	-92	300
1	70	-85	240
160	109	134	900
57	-25	-48	460
132	119	122	560
149	76	-96	440
32	184	-149	380
134	-174	-5	480
178	232	-178	320
95	-210	-168	440
29	158	-161	1140
84	164	-1	340
22	260	7	400
23	-91	141	320
146	-256	-230	560
13	-209	6	460
150	-222	65	380
26	-210	32	820
28	-95	-120	440
100	-4	207	520
127	9	131	500
67	-97	26	500
55	226	144	1380
96	-169	-36	1140
86	265	-26	620
105	-10	-68	440
63	-94	156	500
147	55	212	340
151	5	173	360
169	159	271	420
154	-118	13	280
174	313	171	600
175	243	95	600
121	66	159	1480
11	30	-137	560
40	113	135	380
31	-102	21	600
75	111	-116	760
133	-249	-110	960
130	-174	-225	1020
24	-239	-160	300
173	168	89	1020
60	39	251	740
58	232	-245	460
125	1	-236	580
99	-287	225	500
12	-277	92	360
2	-177	78	460
35	-219	-23	360
126	57	-54	980
59	244	44	520
164	-127	-172	300
87	119	162	860
14	-254	-165	480
98	254	161	820
103	228	159	780
140	-172	-62	640
159	231	38	420
50	-43	157	420
115	199	143	420
165	33	-86	280
7	59	-101	460
166	144	-237	360
20	274	262	760
42	2	204	840
108	-104	141	600
139	-84	54	320
167	230	38	320
101	-147	-121	480
19	-166	-169	320
177	126	-107	700
145	105	-244	420
46	-306	123	480
111	163	248	680
153	26	128	460
179	-105	99	540
168	17	146	360
44	-168	-158	380
104	-221	-287	360
118	-43	90	580
45	-248	140	380
21	-98	36	380
144	320	160	440
56	-237	-107	360
137	202	164	1020
129	283	-20	340
85	248	-19	1240
8	-282	-25	360
142	239	-138	480
171	3	161	280
17	15	188	280
71	93	-130	980
38	127	51	320
107	243	80	440
109	185	116	520
152	75	-107	440
155	-24	-29	1140
180	255	-229	1200
52	245	-202	460
136	41	-233	420
162	232	-167	780
51	151	32	440
90	-168	83	440
47	-148	-76	300
80	156	180	300
9	-319	-236	440
114	85	-251	380
117	-265	-266	520
131	114	-215	600
77	125	-73	320
43	-222	11	320
66	166	193	1760
112	-125	184	420
82	0	-99	260
65	145	157	460
156	-128	-144	400
128	154	38	380
93	175	-26	300
4	-156	-179	360
18	218	-33	380
39	227	36	500
34	-1	64	380
102	-87	72	720
41	261	88	560


17	2
177	1
102	1
26	2
3	1
106	1
104	1
134	1
107	1
47	2
117	1
141	1
175	1
70	1
115	1
124	2
135	1
34	1
72	2
83	1
173	1
42	1
48	1
145	1
167	1
127	1
56	1
45	1
35	1
139	2
84	1
150	1
61	1
80	2
7	2
11	1
51	1
113	2
52	1
10	1
170	2
55	1
149	1
53	1
63	1
30	2
24	1
94	2
69	1
125	1
138	1
103	2
151	2
166	1
28	1
58	1
144	1
146	1
50	1
91	1
136	1
90	1
101	2
161	1
1	2
85	1
99	1
122	1
39	1
114	1
93	1
137	1
109	1
6	1
25	1
154	1
132	1
140	1
128	1
89	1
73	2
110	1
21	1
68	1
143	1
2	1
130	2
180	1
178	2
46	1
22	1
33	2
98	1
49	1
169	1
81	1
121	2
111	1
76	1
86	2
18	1
79	1
32	1
162	1
16	1
158	2
4	2
43	1
9	1
92	1
148	1
27	1
108	2
142	1
163	1
12	1
15	1
29	1
23	1
119	2
41	1
78	1
157	1
159	2
116	1
71	1
179	1
118	1
64	1
57	1
152	1
20	1
8	2
40	1
87	2
155	1
164	1
82	1
19	2
5	1
168	1
88	1
95	1
156	1
126	1
112	1
66	1
67	1
96	1
37	1


177	137	-100	3340
102	0	-5	940
3	173	-233	2020
106	269	-232	1680
104	-236	-243	1060
134	-157	-6	820
107	263	45	880
117	-300	-260	1280
141	161	-217	1420
175	263	100	1400
70	-129	147	1440
115	-117	27	1080
135	101	-102	1260
34	-73	-98	2980
83	107	-126	680
173	255	92	980
42	-3	148	1260
48	153	-63	980
145	152	-239	840
167	242	30	1180
127	-8	164	1020
56	253	85	900
45	-291	114	1000
35	-157	-7	740
84	199	-57	760
150	-191	60	720
61	-159	150	640
11	-107	-123	1120
51	297	128	800
52	340	-203	760
10	-123	73	640
55	237	135	1260
149	279	-232	1500
53	-118	-51	560
63	110	-52	820
24	-242	81	720
69	165	-220	720
125	0	-228	1000
138	153	-51	720
166	198	-267	740
28	122	123	560
58	280	-222	1240
144	403	175	640
146	-265	-223	860
50	-50	160	360
91	-285	-176	880
136	-164	-82	460
90	-104	-62	520
161	-251	304	640
85	243	-28	860
99	-369	185	620
122	8	73	440
39	283	77	500
114	77	-218	460
93	127	64	540
137	-178	154	860
109	221	105	540
6	105	30	400
25	-74	188	620
154	-161	50	520
132	123	139	540
140	263	67	420
128	-18	-91	300
89	257	233	1280
110	228	-80	420
21	-215	66	540
68	-63	-98	420
143	-6	-231	820
2	221	176	520
180	259	-227	920
46	-346	220	700
22	97	-94	420
98	213	154	540
49	12	-250	580
169	224	239	740
81	326	-269	820
111	221	280	580
76	330	20	500
18	322	98	340
79	-231	123	480
32	233	-75	500
162	296	-220	560
16	262	-207	420
43	-237	-126	1160
9	-290	-246	500
92	194	48	540
148	134	-110	280
27	-195	-54	420
142	250	-191	600
163	70	-217	640
12	-297	16	460
15	-301	34	940
29	220	211	680
23	-58	161	320
41	184	175	540
78	-5	168	580
157	-63	254	540
116	3	79	840
71	9	-156	580
179	-204	5	420
118	-30	-105	320
64	-296	-120	960
57	-49	-105	500
152	-57	-122	340
20	385	336	540
40	105	120	540
155	-237	-21	660
164	-256	-213	500
82	-3	-118	520
5	-230	225	680
168	11	204	500
88	254	-132	660
95	-4	-6	700
156	-191	-187	440
126	89	-83	520
112	-305	-71	580
66	-130	-18	580
67	-164	42	1260
96	-142	-26	880
37	140	-89	400


107	163	57	1160
29	119	169	1400
176	-188	-157	500
23	-80	147	560
35	-175	-19	420
5	-311	258	380
166	-56	-99	460
134	-191	3	380
105	111	-121	2220
133	234	54	700
172	-107	-296	540
36	138	162	1780
25	-26	172	1080
99	-349	215	440
124	-109	137	380
38	184	132	600
87	323	101	840
70	-265	161	480
63	-137	156	940
118	72	174	340
136	-154	-27	360
97	-115	104	480
123	79	158	520
3	245	-232	620
72	122	-127	1020
20	204	257	1780
163	-222	-247	460
138	148	-35	340
21	-180	47	760
19	-113	-166	280
18	228	-19	340
156	-123	-185	240
167	258	48	320
88	226	-202	420
42	-5	199	360
125	7	-223	520
84	159	-75	340
144	329	190	400
69	158	-208	360
85	265	-18	400
74	-146	-246	800
43	-215	-109	420
12	-261	-22	380
127	24	173	500
126	122	-77	680
109	158	147	600
86	307	155	420
80	-258	85	400
39	226	60	1140
94	57	-21	480
41	193	175	560
171	-168	-86	1460
128	-75	-100	280
150	-229	80	380
159	-138	-188	1520
106	261	-225	640
108	-286	160	540
73	126	129	540
62	-128	-153	480
66	-182	-26	800
139	-144	152	320
100	6	238	420
145	126	-229	460
34	-82	-154	1200
68	-48	-114	840
170	155	171	820
164	-134	-191	760
22	272	45	440
4	269	-164	640
6	32	-31	3760
165	48	-77	400
16	-115	-175	800
142	200	-177	1300
158	-265	-209	440
98	256	-223	860
177	99	-96	400
49	9	-253	1560
79	132	72	680
93	-14	202	460
2	-211	83	600
146	-263	-230	620
174	321	165	480
103	316	168	380
33	317	-274	420
61	-80	155	320
101	-142	-127	500
152	-45	-190	320
52	287	-249	340
13	196	83	1040
162	281	-211	760
28	-208	87	440
59	234	78	440
111	159	274	1300
141	139	152	280
131	161	185	860
71	1	-210	960
45	-302	92	400
53	-267	-73	380
135	-94	-133	480
55	-134	182	820
104	-209	-227	440
57	-65	-91	580
113	231	-118	460
143	225	10	1060
179	-188	-2	320
10	-163	-98	340
91	-300	-157	900
44	-251	-141	460
153	1	181	380
115	-129	60	320
157	-152	268	1100
75	-111	-227	720
119	-307	132	520
67	-172	-8	1340
54	-182	-142	1160
40	110	140	520
95	-217	-171	460
155	-136	-120	320
147	2	192	320
24	-303	-63	440
47	-222	-22	380
58	253	-238	540
120	-198	78	1040
116	111	114	420
178	261	-240	380
149	278	-261	580
121	41	156	540
90	203	38	1040
56	-194	-89	420
26	-162	49	540
161	-318	288	400
173	247	-225	460
1	81	-104	340
89	193	264	500
50	-46	161	520
9	-318	-237	360
132	137	140	740
180	250	-220	740
160	117	-236	440
96	-197	-7	640
92	-123	-135	320
151	93	235	1780
37	241	67	880
32	178	-107	360
137	-180	158	520
64	-295	-79	360
76	-281	52	380
11	279	-28	260
30	-238	59	440
14	-113	-74	380
46	-339	135	380
83	108	-132	420
7	-1	-138	420
81	292	-232	480
15	-231	115	1200
27	-171	-9	760
122	18	124	920
117	-300	-233	460
112	-262	-49	340
60	-175	231	760
51	226	106	440
77	151	-75	440
102	-211	-70	700
82	4	-114	920
8	-308	-7	360
31	-35	106	460
154	-146	-24	320
140	-261	76	380
129	274	28	540
175	279	-42	960
65	161	125	1460
169	231	261	420
168	-2	94	540
110	219	-68	440
48	192	-72	500
17	162	88	400
148	114	-42	720
114	93	-231	500
78	-4	170	480
130	-169	-115	660
