

51	11	1
16	19	1
101	20	1
178	28	1
6	37	1
119	42	1
59	49	1
21	53	1
122	57	1
121	65	1
57	73	1
174	83	1
169	88	1
137	95	1
88	106	1
8	111	1
82	128	1
163	133	1
40	139	1
134	146	1
84	162	1
154	189	1
167	212	1
11	223	1
67	251	1
140	296	1
73	346	1
75	388	1
87	412	1
143	469	1
41	12	1
47	20	1
100	22	1
70	26	1
7	34	1
45	44	1
34	48	1
24	54	1
171	60	1
165	66	1
56	72	1
76	82	1
123	86	1
118	94	1
136	102	1
170	114	1
108	123	1
36	130	1
145	140	1
27	150	1
9	167	1
39	183	1
5	219	1
19	235	1
144	258	1
85	272	1
4	339	1
71	362	1
15	422	1
2	471	1
69	5	1
125	17	1
156	20	1
117	31	1
139	38	1
148	43	1
90	49	1
159	54	1
129	63	1
13	66	1
96	75	1
74	85	1
52	88	1
103	94	1
166	104	1
131	119	1
50	123	1
168	130	1
10	138	1
22	156	1
175	168	1
172	184	1
53	197	1
43	220	1
116	258	1
152	273	1
89	342	1
128	360	1
113	404	1
95	544	1
31	12	1
20	18	1
150	22	1
92	30	1
14	34	1
91	43	1
104	48	1
127	51	1
48	57	1
3	70	1
124	81	1
81	84	1
68	90	1
153	99	1
72	101	1
33	119	1
99	128	1
25	134	1
49	136	1
147	142	1
30	158	1
38	178	1
120	194	1
130	240	1
93	258	1
111	328	1
62	351	1
98	387	1
12	457	1
18	484	1
23	15	2
105	19	2
110	23	2
112	26	2
65	37	2
102	45	2
114	50	2
109	51	2
158	62	2
176	69	2
78	76	2
164	85	2
32	90	2
80	99	2
42	104	2
64	106	2
160	122	2
155	134	2
58	136	2
133	152	2
54	171	2
29	182	2
46	217	2
126	233	2
79	260	2
180	270	2
106	356	2
28	361	2
26	449	2
161	467	2
44	17	3
17	19	3
135	21	3
179	23	3
138	36	3
55	46	3
173	49	3
162	57	3
1	61	3
66	70	3
141	73	3
132	83	3
61	90	3
115	91	3
86	100	3
77	112	3
177	122	3
107	131	3
94	141	3
149	149	3
151	169	3
97	176	3
157	195	3
60	231	3
142	268	3
63	283	3
37	349	3
35	360	3
83	422	3
146	512	3
