

-33	-289
136	-221
-36	-72
-233	250
284	256
220	62
108	259
82	49
162	183
110	282
-211	-143
-243	-32
107	-45
57	232
263	-59
-166	-54
168	162
-299	274
-199	-40
137	-194
-181	-47
-198	178
214	242
146	-199
-248	119
21	-210
100	-191
-148	245
275	-82
-239	-289
14	139
-4	111
93	-167
-185	4
260	-288
-162	-15
214	45
-202	193
238	52
-273	-165
15	183
-93	184
-292	-171
258	-104
12	-109
201	136
133	93
-23	192
290	-16
254	-244
230	49
26	33
-285	-145
203	-102
59	232
35	-111
-95	-146
192	240
70	-95
-27	181
272	-12
243	-107
-257	-129
-43	149
-28	278
-117	-1
143	200
-48	-119
-184	-103
-67	127
237	205
243	-113
-77	60
-112	62
-250	-130
-218	-159
81	-38
25	-1
-165	28
251	121
-133	-156
-261	269
-232	-48
59	48
65	119
-123	200
-85	279
247	69
224	279
68	123
250	51
76	13
248	-121
163	180
-29	-262
-36	195
300	-160
151	205
30	-149
-87	229
-230	-270
-38	163
278	-84
-68	-73
-157	255
-236	265
-38	-117
-80	115
-46	-193
233	181
-65	182
-238	-174
14	166
-253	51
-196	294
-183	107
-164	-199
283	281
-40	-181
-68	-257
146	-241
95	-252
-209	-195
-162	4
-272	-138
99	203
76	-184
-145	89
110	-39
-298	170
29	195
-63	260
93	230
-274	-89
293	-149
-84	52
187	-127
-224	-275
17	-243
-131	175
289	9
-2	38
-283	-267
20	-136
-58	-11
-264	223
-225	142
276	51
-177	-172
139	-100
234	82
48	-180
-109	198
-71	-297
-51	285
-19	63
196	54
44	-279
267	-285
-223	-140
263	-5
69	-223
132	265
72	119
-150	252
211	-87
-245	-62
-220	-278
-225	-256
-3	44
-179	27
218	185
245	-272
255	160
40	45
228	249
-87	-210
245	-43
-121	-41
-232	80


56	73	-74	460
121	247	-195	680
12	-184	-114	580
175	53	64	380
159	199	-221	420
103	-152	98	800
47	176	71	320
72	226	-100	440
59	61	-86	560
126	-138	121	480
114	-221	38	440
116	179	-257	1720
20	73	41	800
60	-46	148	520
34	-239	-6	400
92	-119	-103	600
39	227	5	1480
155	-121	279	460
169	-302	-221	560
153	-96	219	1020
17	185	223	460
170	76	-309	680
128	-162	111	380
25	-185	157	420
143	-250	-282	620
173	251	-303	1060
69	-72	113	900
168	-232	-275	600
8	86	66	880
125	-241	-135	600
49	251	17	440
26	-171	-73	1360
23	9	153	460
174	-6	174	360
54	-255	-20	1060
100	-147	216	400
38	-84	289	1140
24	219	-274	800
179	-112	-119	420
64	-7	182	740
148	66	-141	500
162	167	-96	400
5	252	218	380
51	-235	-71	500
87	47	171	440
135	217	-126	440
32	-9	126	460
106	-237	288	440
21	-237	14	420
96	-80	92	420
61	253	3	760
101	-86	-108	440
6	93	28	580
1	-27	-255	1760
104	-96	-85	320
178	176	36	320
89	-93	-212	580
83	-246	-1	600
62	253	-220	1000
33	125	-200	900
146	-306	293	440
165	-215	297	380
127	-198	242	980
140	-214	133	480
65	-132	-265	900
36	-74	121	860
137	211	209	660
157	226	95	380
136	-111	97	580
71	-70	-82	880
84	43	95	540
70	-155	141	400
122	235	-149	540
95	263	56	520
80	262	15	700
58	-69	205	660
90	66	153	380
85	54	161	440
52	-276	272	580
180	-125	133	380
75	-237	-274	1080
130	-266	-192	860
68	-250	-139	1180
63	-106	-117	680
147	-186	128	340
42	115	-197	420
11	-250	234	1100
27	153	-106	520
154	-181	-166	360
44	250	-87	580
118	215	227	460
161	81	265	540
144	-73	105	900
30	257	4	680
79	-195	85	480
132	-96	206	580
145	85	-86	520
66	-124	0	760
40	-268	128	980
29	293	-154	500
129	-93	131	480
22	-338	17	960
111	-118	248	540
115	-293	296	500
107	-53	-137	460
19	-205	147	540
45	-189	-160	680
119	-112	-261	460
177	67	-150	860
2	259	-257	440
141	-237	204	380
82	-256	292	540
3	-186	114	600
150	179	-99	740
123	-138	-99	400
158	-113	-86	860
156	180	106	660
4	-338	285	1160
166	-113	288	420
43	-274	-150	380
97	235	-226	440
16	-274	23	720
105	-63	280	440
67	86	149	1500
133	-62	-178	540
7	128	260	380
86	-126	225	440
131	-45	254	880
35	-279	-150	1240
113	58	177	560
13	-106	-57	1800
91	136	106	380
78	16	20	660
152	10	-164	400
151	249	-146	1440
110	268	122	340
124	-131	59	580
53	-257	-166	380
117	-130	-202	460
94	142	135	400
93	228	-162	380
108	-128	93	500
37	-228	120	680
163	-122	286	560
109	-47	-200	660
48	-119	258	900
160	-162	-175	380
28	-109	288	420
112	-345	-143	640
134	-258	-94	1420
18	-278	295	440
55	78	277	520
98	-60	275	400
172	213	238	420
76	195	-197	520
138	-363	-262	460
31	102	-211	1060
88	205	83	400
74	215	221	420
99	196	62	620
171	-197	5	1280
10	134	244	400
164	226	-96	400
15	-272	106	400
14	-233	-109	400
50	289	-180	460
120	-55	-200	680
167	-258	138	440
139	-72	-112	580
81	-157	-254	560
176	243	266	780
9	146	107	640
77	144	1	320
73	-170	185	520
46	-92	97	420
149	-213	-179	600
57	-126	-114	400
41	21	171	360
142	-2	173	440
102	144	-132	400


23	1
115	1
132	1
76	1
91	1
109	1
157	1
71	1
112	2
35	1
155	1
81	1
114	1
135	1
117	2
58	1
34	1
25	1
107	2
136	1
100	2
164	1
47	1
8	1
78	1
171	1
138	1
177	1
44	1
111	1
29	1
178	1
133	1
63	1
129	1
32	1
86	1
31	1
45	1
137	1
113	1
62	1
165	1
161	1
36	1
116	2
170	2
65	1
125	1
17	1
149	1
39	2
150	1
142	1
56	2
120	1
127	1
2	1
26	1
72	2
169	1
90	2
108	1
143	1
88	1
146	2
43	1
51	1
147	1
3	1
179	1
70	1
156	1
55	1
60	1
163	1
94	1
41	1
57	2
176	1
92	1
50	1
166	1
85	1
110	1
93	1
54	1
83	2
98	2
69	2
61	2
74	1
38	1
101	1
37	1
121	1
122	1
130	1
15	1
134	1
42	2
18	1
11	1
77	1
87	1
40	2
158	1
99	2
49	1
131	1
173	1
148	1
30	2
75	2
82	1
162	1
84	1
10	1
22	1
153	1
126	1
102	1
106	1
1	1
97	2
66	1
105	2
180	2
48	1
28	1
89	1
14	1
27	1
6	1
13	2
139	1
145	2
167	1
159	1
154	2
80	1
12	1
9	2
33	1
21	1
160	2
59	2
4	1
20	1
96	1


23	7	189	1940
115	-256	299	1640
132	50	176	1140
76	-61	223	2160
91	120	81	1240
109	-74	-158	860
157	249	-176	1500
71	253	-113	1180
35	-269	-143	1020
155	-114	244	1040
81	-71	-152	1060
114	62	131	1520
135	250	-138	820
58	-66	229	920
34	-252	-76	920
25	-199	-10	1160
136	-148	103	800
164	227	-92	880
47	241	82	840
8	99	38	940
78	117	-77	1260
171	262	226	740
138	-377	-256	840
177	249	-226	1480
44	239	-78	920
111	-93	192	780
29	-109	262	1040
178	-162	106	1120
133	-63	-172	740
63	75	156	740
129	166	-85	2740
32	1	169	600
86	-116	182	1100
31	66	-92	2640
45	-229	-268	1180
137	246	136	1300
113	58	161	840
62	235	78	980
165	-261	296	1180
161	227	227	880
36	68	164	820
65	-62	207	820
125	-237	-138	820
17	230	176	740
149	-252	-3	1500
150	137	-92	920
142	-41	158	1260
120	-54	-168	940
127	238	49	1880
2	233	-275	1020
26	-195	117	1580
169	-257	-291	1960
108	-117	132	720
143	-256	127	3140
88	244	74	980
43	-237	-157	1040
51	141	81	2120
147	-116	221	1140
3	-241	134	660
179	-111	-158	940
70	-130	135	600
156	-245	-265	760
55	-137	221	820
60	61	139	1500
163	-117	206	700
94	165	137	760
41	58	170	580
176	237	221	1160
92	-53	126	1360
50	157	-84	820
166	-93	186	940
85	58	130	600
110	219	131	660
93	206	-266	1540
54	-255	-8	1840
74	171	216	920
38	143	103	680
101	24	93	1720
37	-259	-285	1780
121	318	223	900
122	248	-133	3860
130	-252	7	2440
15	-246	123	1320
134	-249	-76	1100
18	-251	279	1100
11	-116	187	2780
77	172	2	660
87	58	198	1220
158	247	-139	2240
49	240	-1	820
131	66	-190	1020
173	246	-289	880
148	39	-243	1320
82	-257	304	920
162	146	-100	600
84	63	145	620
10	147	284	800
22	-156	-100	640
153	-96	303	700
126	69	160	700
102	-128	123	1000
106	-248	301	660
1	-110	125	1120
66	78	12	620
48	-108	194	700
28	-109	298	800
89	-71	151	780
14	-257	-181	1040
27	-61	-147	580
6	100	-93	820
139	63	-211	820
167	-189	104	600
159	253	-278	860
80	-275	105	580
12	-246	-290	1940
33	119	157	2460
21	-265	14	1120
4	-271	302	1000
20	234	-279	700
96	53	112	1300


141	226	-137	1180
109	-47	-159	3760
28	-53	226	2740
4	-260	305	1300
142	-50	183	2080
128	-122	-86	1340
36	65	149	680
47	240	85	620
54	-267	-29	560
124	-122	241	680
15	-232	133	440
80	-239	118	1540
1	-88	-126	1400
127	233	-142	660
21	-237	103	880
104	-236	-161	520
160	-109	223	640
158	224	85	920
154	-115	-137	980
145	-129	219	560
84	55	111	660
149	-215	-181	1340
169	-244	-276	620
125	-242	-141	520
39	-218	120	460
140	-134	99	1600
147	132	221	760
26	237	44	760
24	-113	-264	1320
65	56	119	2520
121	246	136	1300
174	34	104	680
150	124	-98	420
120	-55	-193	800
106	-243	298	540
77	147	-7	460
177	248	-102	600
95	70	-240	940
112	-252	-161	520
155	-106	254	520
31	-114	-181	3460
35	249	-155	740
42	60	-188	600
75	240	87	2040
108	-133	114	380
78	69	-177	1300
135	252	-132	780
162	142	-104	480
180	-72	97	880
79	77	109	640
34	-250	-91	380
89	-63	128	440
7	130	219	480
11	-132	214	580
151	232	-161	460
33	56	-269	900
25	-118	216	420
60	-241	-80	2000
69	55	-145	620
74	322	217	480
6	73	-135	1020
92	-148	181	420
57	-106	-152	1460
14	-247	-151	580
20	231	-300	600
55	-141	118	920
50	134	-102	540
18	-254	286	1260
93	169	-251	880
82	-266	295	540
119	-160	-45	1200
143	-238	-85	780
81	-137	-260	580
159	135	-119	880
161	171	221	660
102	-158	-109	480
9	125	214	720
13	72	-249	620
175	-79	94	600
3	-71	-250	880
153	-129	215	620
71	249	-146	2100
114	-67	142	600
83	6	115	2160
110	230	156	1220
43	-235	-162	320
58	61	180	420
41	56	159	380
118	265	-110	940
139	61	-150	860
73	-137	-6	880
165	-257	287	540
2	252	-275	580
88	270	90	380
64	-23	123	740
45	-122	-307	640
167	-275	125	460
176	225	222	640
144	-71	-229	1080
67	97	155	760
22	247	-163	740
123	44	-265	1380
10	136	229	460
101	65	171	420
111	-123	212	940
134	-247	-82	540
86	-141	212	560
94	148	117	500
98	67	181	800
170	75	-270	600
70	-130	182	540
107	-64	-253	680
96	75	157	580
72	202	2	460
133	-91	-293	500
171	-20	178	1200
122	250	-276	540
168	-170	154	700
97	64	-216	920
63	-57	158	580
51	256	-122	660
30	-203	108	540
52	245	16	500
49	252	105	480
23	-32	174	500
56	85	-169	480
16	241	-292	3660
178	167	84	420
91	147	-146	400
37	-260	40	620
27	-267	-198	920
17	260	175	620
40	-227	37	540
32	-53	164	640
90	65	-187	640
129	259	-174	720
38	138	144	320
117	-130	-215	460
130	-235	-93	380
87	67	130	420
137	249	80	700
53	-249	-226	600
131	75	-188	420
8	126	0	520
157	261	-189	1640
103	-159	197	360
12	-280	-261	640
59	276	-262	720
85	54	131	440
113	56	128	480
99	143	-105	500
76	58	-289	760
48	-135	131	420
156	-226	-182	1200
136	-112	26	440
105	74	125	520
62	246	-144	660
146	-259	291	520
44	255	-82	460
126	50	134	400
166	-98	-246	600
148	67	-286	520
164	230	-100	500
115	-263	294	540
68	-242	-150	2380
100	-113	184	420
132	-35	147	2880
19	-245	-184	700
163	-120	189	420
61	156	-1	480
152	55	-158	660
66	-153	40	360
172	234	142	380
179	-90	-123	420
138	-357	-280	460
5	178	214	720
29	89	-214	620
116	256	-150	600
173	247	-296	460
46	-92	-87	860
