

109	7	1
44	18	1
106	23	1
86	25	1
1	34	1
149	36	1
147	41	1
47	48	1
94	49	1
34	54	1
120	58	1
25	73	1
29	74	1
169	84	1
159	93	1
81	100	1
80	106	1
2	128	1
63	151	1
36	161	1
122	173	1
22	213	1
3	238	1
20	243	1
129	264	1
137	336	1
74	363	1
14	447	1
51	480	1
15	559	1
66	7	1
8	17	1
153	24	1
171	28	1
114	34	1
60	38	1
85	43	1
33	45	1
55	48	1
49	51	1
17	63	1
155	70	1
179	78	1
111	84	1
70	89	1
27	100	1
121	110	1
62	113	1
138	139	1
139	158	1
167	200	1
45	207	1
26	235	1
158	248	1
148	284	1
31	360	1
11	379	1
71	420	1
54	465	1
65	552	1
41	13	1
78	22	1
176	22	1
43	27	1
173	31	1
150	40	1
88	44	1
93	45	1
157	50	1
136	52	1
132	63	1
50	72	1
77	74	1
21	82	1
115	97	1
178	104	1
4	110	1
91	126	1
142	135	1
162	160	1
87	170	1
156	203	1
23	223	1
163	254	1
164	264	1
161	325	1
130	363	1
133	436	1
166	495	1
35	556	1
32	15	1
134	16	1
82	23	1
18	29	1
125	31	1
143	36	1
10	44	1
113	45	1
84	49	1
108	52	1
28	58	1
110	68	1
135	79	1
165	79	1
131	94	1
12	101	1
96	112	1
48	116	1
6	131	1
38	152	1
177	165	1
101	216	1
92	226	1
126	250	1
58	263	1
102	346	1
76	414	1
37	448	1
127	506	1
89	584	1
59	12	2
72	21	2
61	24	2
107	25	2
90	30	2
117	34	2
57	44	2
39	48	2
83	49	2
56	53	2
100	61	2
160	70	2
9	77	2
146	81	2
97	92	2
105	97	2
112	111	2
180	119	2
75	144	2
145	161	2
154	171	2
13	213	2
98	222	2
69	243	2
99	268	2
40	293	2
170	361	2
42	434	2
116	513	2
30	576	2
168	12	3
7	20	3
175	23	3
128	27	3
104	30	3
53	35	3
152	41	3
64	48	3
5	49	3
172	53	3
124	63	3
79	64	3
67	76	3
118	86	3
140	93	3
24	104	3
119	107	3
123	119	3
16	132	3
73	155	3
19	187	3
68	202	3
151	228	3
144	258	3
174	261	3
46	295	3
52	385	3
95	431	3
103	466	3
141	560	3
