

63	70
66	30
-156	35
2	-63
-4	35
142	197
-114	-61
-6	237
82	189
150	98
128	245
-6	212
49	-219
255	186
203	151
121	-89
209	203
255	246
-53	-4
-20	87
66	-179
255	-278
-143	52
273	-270
89	-234
-260	-5
239	-134
-56	-26
-56	269
-269	-43
-11	-175
8	173
-217	231
-111	-249
5	248
291	75
-132	114
69	-88
-256	-185
175	198
275	-155
-161	272
146	59
257	-33
72	-198
39	197
-194	-55
-244	35
-73	68
250	-94
238	-177
-91	-256
178	162
-132	-200
285	166
-261	-166
-120	55
-72	-50
207	-167
217	-63
178	-125
39	72
-125	219
230	139
298	-147
-118	150
-103	232
-69	-179
74	-83
165	-36
-85	-138
67	215
37	19
-6	274
-277	108
256	-47
184	-3
48	292
191	-103
-281	233
-188	17
-213	-263
-91	48
250	222
-114	-236
-247	-243
27	-244
-288	-184
-151	-251
237	180
-205	-261
-257	102
-141	165
-47	-231
-57	40
-42	-106
-249	-199
-254	-202
81	-172
-106	-124
-68	-115
-261	85
86	-217
163	-19
-222	-144
29	-297
180	191
-248	-234
273	59
241	74
247	-196
-28	142
-292	-192
-277	-219
19	187
154	-268
-14	238
18	-60
199	219
256	216
286	-91
58	-149
-124	2
-138	141
-292	-168
132	-62
260	-160
-170	10
235	-41
2	3
183	-239
-290	199
286	-213
-87	99
133	-181
-198	-4
-249	234
299	248
259	135
-129	-19
-149	259
32	206
211	-190
0	-248
187	132
-298	255
-226	-86
158	258
-298	85
101	26
-289	14
233	-47
184	-267
-62	86
-100	-101
282	140
-153	-252
-105	78
18	150
166	100
35	274
201	185
273	26
148	103
0	70
40	-116
158	-136
-272	-79
-150	263
-240	-250
-10	-278
275	90
289	68
-11	-156
-250	-101
263	29
-215	-78
-200	-76
92	-178
67	-72


50	182	58	1760
92	-165	16	800
21	144	-225	1260
125	-154	-28	1140
34	90	76	540
56	-192	-192	1300
140	-108	-25	1580
137	42	123	740
142	60	178	1040
117	8	163	540
29	-144	100	1220
68	-233	-247	740
136	-212	-183	760
171	-6	-271	640
66	-129	110	680
100	-156	-198	660
173	262	-2	860
76	63	109	840
18	247	197	720
127	222	4	480
60	-239	-241	1800
96	-34	88	1160
177	-117	10	680
118	3	-73	780
14	190	141	680
146	-255	195	580
172	234	63	1100
80	-250	14	2080
107	-204	10	1100
93	-104	87	960
45	92	-231	640
164	254	20	680
53	233	74	400
134	178	95	1120
166	162	-24	520
176	-165	-94	380
87	-70	42	540
40	211	70	540
152	235	-71	440
159	-140	117	660
27	31	-217	800
163	216	-23	840
129	231	28	420
52	-176	-83	440
19	-86	-19	420
154	-86	103	1600
121	123	66	300
108	-266	-224	560
59	230	-199	660
78	42	210	800
57	-96	107	420
43	130	75	400
67	-234	65	1600
36	273	34	560
88	-248	-224	760
120	253	201	1180
10	124	102	580
151	-205	-23	400
22	238	-239	540
42	-226	157	920
179	131	-125	660
101	246	9	640
105	-231	9	440
150	234	-8	960
47	179	-4	1000
23	-226	105	1560
122	100	-20	740
161	-91	52	800
149	-232	107	480
11	-92	-200	600
35	-4	195	1580
86	-201	-257	440
8	-195	-230	780
143	152	-174	380
162	249	8	380
38	-147	-3	400
12	3	156	720
94	70	-213	1720
61	-72	133	280
32	6	131	460
98	191	-225	400
58	-73	61	460
69	222	85	540
167	218	13	740
91	-205	-125	380
180	-190	64	260
30	-227	-41	360
33	-253	171	420
20	-205	144	680
128	-202	3	440
54	-237	-38	1880
15	225	154	720
41	262	-178	440
44	254	-6	420
145	-210	-31	420
123	-170	148	520
112	226	118	380
169	-241	-230	2220
24	255	-271	420
75	-245	116	740
104	124	-54	360
7	-180	-47	520
13	86	105	940
37	-185	111	460
115	247	38	560
46	244	204	1160
83	-135	79	480
70	117	-71	780
132	-57	102	400
131	117	88	300
133	290	-252	1240
5	-9	141	540
99	74	-187	340
71	-144	-168	360
119	257	180	600
174	-2	-179	700
2	-226	134	420
79	-244	-35	240
77	275	18	320
170	227	197	1040
135	-3	-156	600
17	235	181	620
113	-187	-140	260
82	-248	-153	1140
74	216	94	260
138	273	200	540
3	-58	51	700
89	63	-227	680
51	223	-221	500
114	-261	-222	380
141	-234	142	440
48	-196	-61	340
97	-188	-240	700
165	-88	84	640
16	226	17	520
6	225	141	360
155	-248	-46	420
39	-132	134	380
144	38	-244	520
31	111	83	300
148	-66	135	200
26	-111	-218	440
126	285	-26	1440
62	97	86	260
90	-85	119	420
95	191	-135	280
147	218	71	300
106	-236	9	300
73	-213	-177	640
102	-163	89	660
109	265	30	540
168	-218	27	440
111	240	-266	420
85	-89	78	280
49	-37	101	400
1	80	91	760
72	170	61	340
84	7	-213	1200
65	-88	-128	1600
81	-189	49	460
124	-139	132	300
63	126	86	340
9	-140	-134	620
110	268	4	480
158	244	-184	420
153	228	22	260
25	118	-204	580
116	-127	105	560
103	-141	-220	2020
55	227	177	400
157	-82	-119	340
178	-166	79	380
130	1	5	1220
64	203	-70	700
156	224	-60	340
139	-108	86	340
160	112	121	240
28	-218	-89	300
175	-231	-206	540
4	-220	-213	800


19	1
111	2
113	1
155	1
59	1
178	1
177	1
127	2
134	2
8	1
125	1
115	1
23	1
3	1
40	1
130	2
9	1
38	1
176	1
139	1
77	1
57	1
161	1
35	1
86	2
68	1
106	1
95	2
109	1
101	1
70	1
150	1
5	1
107	2
162	1
164	2
32	1
63	1
50	1
110	1
163	2
96	1
146	1
105	2
114	1
78	1
92	1
144	1
152	2
10	1
147	1
56	1
153	1
17	2
97	1
72	1
140	1
45	2
98	1
48	1
12	2
174	1
132	1
29	1
117	1
49	1
1	1
61	2
27	1
54	1
79	2
99	1
74	1
36	2
22	1
142	1
89	1
151	2
43	1
116	1
160	2
53	1
121	2
39	1
83	1
169	2
104	1
13	1
165	1
46	1
82	1
28	1
170	1
62	1
108	2
129	2
75	1
52	1
31	1
166	1
26	1
24	1
69	1
67	1
66	1
154	1
7	1
90	1
33	1
58	1
119	1
149	1
135	1
143	1
34	1
131	1
84	1
168	2
11	1
64	2
37	1
137	1
171	1
2	1
6	1
126	1
167	1
16	1
4	1
65	1
120	1
103	2
141	2
87	1
128	1
41	1
175	2
71	1
112	1
100	1
14	1
85	2
91	1
30	1
15	1
136	2
172	1
88	1
122	1
18	1


19	0	0	740
113	0	0	800
155	-238	-6	1020
59	211	-184	860
178	-197	-218	720
177	-126	-39	440
8	-219	-211	1220
125	-268	-9	580
115	257	39	740
23	-235	78	1920
3	-61	77	480
40	186	92	620
9	-232	104	460
38	-189	-21	440
176	13	122	540
139	54	-75	560
77	-221	-82	380
57	-211	13	640
161	-5	80	380
35	5	218	480
68	-179	-196	620
106	-156	-93	420
109	274	37	440
101	202	-128	460
70	-209	129	840
150	185	-39	380
5	-69	-105	1320
162	245	24	420
32	-110	-207	1960
63	-235	146	740
50	100	93	320
110	272	4	600
96	-76	-116	400
146	-263	212	660
114	-221	-223	520
78	70	236	520
92	-192	-13	280
144	44	-145	340
10	105	68	320
147	-200	7	540
56	-231	91	400
153	157	-149	300
97	-264	-239	740
72	198	137	340
140	-278	73	300
98	-237	144	780
48	-77	-121	320
174	-3	-138	340
132	125	26	240
29	-141	51	600
117	9	186	620
49	-43	65	380
1	147	73	300
27	10	-200	520
54	-205	27	320
99	-72	-105	280
74	238	191	380
22	239	-260	680
142	2	233	280
89	70	-142	360
43	105	6	360
116	-215	113	340
53	192	48	300
39	-283	147	440
83	192	6	260
104	69	-100	360
13	175	149	640
165	-23	111	340
46	-5	127	400
82	-249	-232	540
28	106	27	340
170	-222	146	480
62	120	68	320
75	-123	95	260
52	-128	-36	220
31	93	7	280
166	311	-23	760
26	-202	92	320
24	247	-257	960
69	-131	132	340
67	265	166	480
66	-141	146	520
154	-9	32	200
7	105	-145	320
90	-88	-72	260
33	-208	156	460
58	-181	102	260
119	265	167	580
149	-258	126	580
135	-56	-64	260
143	168	-170	360
34	159	39	300
131	-70	-110	320
84	6	-177	580
11	-68	-116	620
37	-203	43	480
137	55	165	340
171	-1	-254	440
2	-192	133	320
6	290	117	360
126	-276	3	300
167	-211	47	360
16	-97	11	300
4	6	70	280
65	206	-9	640
120	305	-279	400
87	-319	-17	400
128	-230	-5	420
41	266	-169	1280
71	-207	-75	360
112	189	99	380
100	-95	-156	500
14	-228	190	320
91	0	0	340
30	-176	-5	660
15	217	-266	540
172	258	85	340
88	-247	-216	460
122	107	-15	340
18	226	161	500


91	234	-68	3860
5	-48	78	400
12	-7	220	440
114	-258	-248	440
20	-168	162	500
3	-50	84	300
108	-246	-244	460
175	-245	-234	820
54	221	-143	1700
111	242	169	1540
40	206	135	840
149	-218	169	440
159	-113	98	520
65	185	-127	380
162	335	7	340
76	-87	80	680
140	-150	61	360
51	260	-254	860
62	31	65	900
64	21	-262	760
146	-261	165	460
18	254	176	460
25	72	-223	720
94	-63	-235	440
112	207	139	960
148	-116	-190	840
170	270	128	660
42	-152	140	840
120	181	-234	720
119	244	174	460
139	-100	76	320
177	-133	-35	300
110	330	-21	460
122	82	-10	420
69	-72	80	800
79	-3	-166	380
154	83	77	420
156	-192	-11	480
163	-111	-223	600
31	73	75	320
142	43	164	400
115	239	25	980
133	245	-21	1120
126	-161	-57	360
63	-143	108	300
55	255	159	560
44	218	-154	300
77	-237	-126	620
17	253	187	320
152	263	-67	280
102	-143	65	1360
176	-106	-165	260
57	-238	14	400
166	332	-3	200
72	83	103	360
68	-168	-250	280
171	9	-257	460
45	119	-250	620
83	-152	83	500
37	250	38	280
93	-279	-27	240
58	202	163	1960
118	-187	-35	240
157	52	-198	320
26	42	116	340
105	-139	-182	240
172	270	114	460
23	18	142	720
180	-109	-137	260
56	-188	80	240
33	-266	132	920
71	268	89	320
53	248	157	320
164	184	-135	340
30	-226	-32	240
10	90	52	480
22	264	-244	420
66	-127	97	1040
161	-22	68	260
134	249	141	960
160	-174	-76	160
179	91	-155	360
99	46	-235	240
92	206	11	200
169	-255	-231	480
13	-139	36	240
109	243	0	580
97	-256	-247	540
165	-36	62	600
80	64	93	480
168	-184	-20	500
96	-82	-161	400
6	249	153	360
29	223	-38	240
41	256	-250	1020
19	-177	-65	240
89	62	-208	540
150	256	32	320
43	114	2	740
86	-226	-269	560
113	-137	78	400
38	-197	-68	240
34	187	51	600
2	-206	169	360
129	235	-15	300
143	-253	17	360
4	-12	85	280
104	145	-56	520
84	29	-226	1000
35	-2	223	500
36	315	1	460
121	-311	-125	680
67	248	154	560
125	-269	-32	700
15	-195	121	1520
28	-138	-48	1060
39	-178	22	320
123	314	7	540
141	-3	153	280
78	51	219	520
128	-382	-17	460
90	-38	-94	1300
47	-166	-9	240
16	350	-1	100
137	52	221	220
52	-120	83	220
103	-234	-270	420
70	302	199	400
59	274	-227	720
73	-256	191	260
107	232	-14	260
98	-99	-5	1660
174	-10	-252	220
7	-133	-35	160
147	53	0	40
144	95	-234	440
151	199	120	440
8	-292	-240	460
101	-159	82	480
117	-10	202	540
135	-190	-25	200
87	-123	-10	1140
158	-87	150	400
88	-230	-246	1060
32	5	113	440
74	269	95	2540
85	-60	-163	140
50	176	-6	80
127	247	30	160
82	-258	-262	320
136	-208	-88	240
1	110	86	460
100	95	167	560
153	-142	-49	320
21	-176	90	240
81	-214	-17	640
167	236	10	340
46	205	211	740
27	21	-162	1000
75	-16	78	2000
131	175	-45	200
106	-99	-24	140
49	-67	62	360
60	191	123	220
145	-165	-102	200
178	75	17	200
124	-156	88	1880
130	-47	98	1580
116	31	119	260
173	271	7	1320
95	284	45	200
9	-192	-140	180
11	11	-116	100
48	-5	-16	140
61	193	-65	200
132	-73	46	520
14	250	112	1820
24	262	-217	340
138	256	-224	560
155	-259	1	1120
