

114	16	1
24	18	1
41	26	1
128	32	1
142	39	1
66	41	1
104	52	1
35	53	1
62	59	1
71	66	1
146	73	1
117	78	1
100	89	1
6	100	1
48	107	1
177	131	1
16	149	1
166	152	1
28	173	1
72	185	1
125	196	1
67	212	1
38	232	1
4	267	1
87	302	1
13	326	1
131	333	1
65	386	1
176	445	1
170	646	1
171	8	1
140	21	1
1	27	1
75	32	1
59	39	1
32	42	1
49	48	1
88	56	1
143	61	1
7	67	1
119	69	1
110	75	1
165	89	1
3	99	1
113	117	1
122	135	1
91	136	1
155	157	1
167	160	1
29	190	1
46	205	1
27	223	1
132	252	1
63	284	1
74	285	1
2	309	1
139	370	1
9	391	1
147	470	1
84	498	1
120	15	1
43	22	1
174	24	1
109	30	1
19	36	1
22	42	1
172	49	1
37	53	1
70	59	1
149	69	1
97	73	1
14	79	1
23	98	1
53	103	1
82	115	1
40	132	1
135	138	1
126	157	1
68	177	1
52	192	1
96	194	1
89	215	1
161	255	1
26	259	1
31	285	1
90	327	1
101	337	1
106	404	1
98	445	1
11	496	1
99	16	1
15	22	1
10	26	1
154	29	1
144	38	1
30	42	1
18	49	1
83	53	1
57	57	1
33	69	1
56	73	1
78	82	1
77	93	1
5	106	1
58	111	1
92	125	1
150	137	1
178	158	1
50	166	1
162	183	1
54	193	1
69	223	1
112	255	1
115	272	1
153	292	1
137	311	1
39	342	1
34	382	1
116	467	1
8	503	1
130	2	2
108	20	2
152	24	2
17	34	2
45	38	2
36	44	2
86	48	2
12	56	2
160	57	2
129	69	2
111	70	2
163	75	2
151	91	2
175	106	2
168	118	2
164	134	2
141	144	2
105	153	2
127	168	2
136	179	2
64	210	2
121	226	2
103	227	2
134	265	2
95	303	2
85	314	2
61	359	2
107	424	2
79	440	2
169	501	2
124	9	3
118	19	3
44	27	3
81	32	3
133	39	3
25	41	3
51	46	3
138	54	3
55	59	3
179	65	3
173	75	3
93	86	3
21	90	3
102	98	3
94	118	3
42	132	3
157	150	3
123	153	3
159	161	3
20	193	3
156	208	3
80	221	3
76	248	3
148	255	3
180	290	3
73	317	3
47	376	3
145	429	3
158	436	3
60	489	3
