

-145	-102
-186	275
-190	-186
28	47
266	-69
-257	-110
174	-77
-256	56
6	-69
181	-194
-229	-194
-246	131
-260	-281
116	-199
245	165
-223	266
114	-117
212	45
-203	127
-143	31
-59	271
55	-44
-24	107
-237	191
-218	-190
214	-216
-148	-168
178	14
-215	213
-252	32
110	-257
-32	73
-156	-158
152	300
282	70
193	-58
-211	-238
-148	100
292	-226
-79	202
-207	94
-27	31
149	-217
-23	266
30	-213
140	-285
-122	-197
-62	-104
-74	109
-113	117
-201	-79
5	-3
-226	-171
-110	-102
83	208
-273	-59
63	24
112	293
147	266
-174	-92
65	157
-9	79
-76	-271
-277	-15
-9	59
92	-60
8	-224
105	221
114	-95
-42	-60
137	136
-216	-152
96	88
-54	-113
-215	121
213	-96
221	-157
-227	69
69	-272
272	145
286	199
167	141
281	-187
-228	-57
228	62
-117	226
285	-267
-94	32
1	-79
73	-133
-17	-86
227	292
122	94
-160	205
-181	206
-71	-150
35	1
-210	-156
-118	180
-284	291
10	270
222	-191
54	7
-177	103
291	-110
19	29
99	83
40	247
108	201
237	-108
209	65
-82	-246
-34	-103
261	43
-35	-286
-295	271
-297	-287
160	192
104	103
-256	159
-257	6
-7	-280
-126	-210
-291	119
-6	58
200	-210
175	-178
-300	26
-60	-287
245	-243
10	33
149	-262
151	222
188	-18
-181	-13
-67	-258
113	-18
-180	-130
-294	182
108	273
-36	-212
-15	-176
-271	-78
-42	-13
283	23
240	179
65	-38
222	-23
-6	-299
-288	5
45	-191
196	101
172	222
178	-113
-186	-244
-262	54
171	256
235	119
-148	81
-211	40
-43	-115
-91	-71
234	-104
183	119
78	-79
-48	127
-151	157
273	-41
-144	95
-149	-21
225	0
-23	-278
72	295
223	-261
-78	38
-264	189
206	172
-158	191
155	75
28	-266


54	-78	-158	980
9	-3	-72	820
70	-89	-85	400
77	186	-163	520
41	-186	62	420
43	246	-302	560
20	-253	-11	500
163	199	-28	1460
32	-15	47	460
25	-157	-232	400
81	330	67	540
14	-231	14	1520
97	-179	-70	820
128	-164	81	800
172	-18	-267	500
165	90	-104	400
27	-113	-160	380
36	122	-44	860
15	-140	179	780
51	-228	-48	980
167	-186	202	900
57	285	-2	600
22	-5	-36	500
47	-161	-168	940
11	157	117	920
61	-6	-121	460
164	-160	-25	1320
168	-133	64	660
76	171	-96	2040
78	162	-101	900
155	-6	-98	780
136	-58	-187	440
74	13	-133	700
129	-83	-171	680
26	-133	-123	1400
1	-191	-186	540
141	-103	-173	480
120	-114	-158	1120
29	-122	103	1080
122	-15	-267	500
169	-161	91	400
171	236	3	460
161	-41	-127	380
124	-237	148	1440
153	142	4	1200
103	11	-36	440
109	83	237	1060
154	171	-123	500
65	55	143	1600
152	166	84	400
114	174	52	420
143	-163	101	1100
116	-231	161	2460
119	127	178	580
170	-138	-138	720
179	-121	-103	1680
117	-200	-223	720
52	-1	-2	320
87	162	-229	420
38	-229	-10	480
130	-173	-195	780
72	-219	-125	940
93	202	83	2080
100	-307	274	440
162	-147	-138	440
6	-294	-234	500
156	-224	-210	1060
150	-174	-117	780
105	332	-222	680
46	215	-211	1100
37	-198	-80	1100
107	210	81	920
134	182	94	640
91	1	-109	1040
42	131	77	1560
137	155	92	780
135	-190	-5	400
144	-56	119	1300
55	2	-80	800
31	144	-181	320
73	146	112	500
133	144	154	2760
112	-244	111	760
83	279	-226	460
148	-69	122	2420
127	-240	-11	560
140	-121	83	1300
23	122	83	1040
101	3	237	440
99	-111	207	460
16	-152	94	1580
58	-143	-104	680
56	-267	-161	640
44	6	274	540
34	135	272	500
82	162	200	480
95	-167	203	1020
63	-153	111	800
21	-230	-147	2580
157	-146	-7	1280
68	232	81	1120
62	200	229	2100
3	110	90	440
86	1	30	340
108	160	-224	1160
138	-79	-193	780
151	-233	-204	720
173	1	200	560
75	-17	25	400
159	-134	123	2020
49	-193	-130	1140
40	-334	-139	1420
102	-122	-180	3280
30	-358	-190	1040
96	-74	67	640
146	-264	200	1200
166	-187	75	600
85	197	76	1220
132	-2	-208	920
67	-1	-173	400
176	-307	188	520
84	-136	-178	700
106	3	96	1700
147	92	-75	380
174	197	-242	520
71	164	99	1500
139	-350	190	640
7	168	-137	480
8	-358	0	500
60	-59	-125	2100
90	110	-200	1520
80	165	96	900
69	176	90	680
45	-37	-202	540
10	174	-209	460
33	-105	-236	560
79	155	-240	520
53	-187	-236	420
18	129	98	880
94	178	-159	1120
123	200	117	1020
2	-182	271	660
175	141	81	1200
118	-284	7	2960
5	79	21	1320
35	-21	41	1140
142	-12	-156	660
19	124	67	2140
88	-181	90	780
178	-122	208	480
111	172	80	640
149	-8	-218	1120
50	-161	-196	880
59	-36	102	1080
104	-198	153	700
145	271	4	460
13	-299	-257	500
126	234	-190	640
113	32	31	980
17	131	-158	580
98	-135	-94	1080
131	15	21	520
115	7	-190	540
4	-42	56	940
160	136	-150	720
39	213	-191	560
121	-213	-176	660
28	160	102	460
110	-180	-135	880
89	-10	-193	720
158	181	80	560
180	-151	61	680
125	-16	-144	400
48	-127	-71	1120
64	-246	-108	640
12	-206	60	1220
24	-247	165	1380
92	272	231	1600
177	143	94	480
66	-4	-203	500


76	2
65	1
43	1
114	1
51	2
153	1
147	1
59	1
50	1
170	1
25	1
20	1
82	1
37	1
52	1
125	2
3	1
68	1
109	1
176	1
67	1
44	1
70	1
17	1
79	2
131	2
105	1
18	1
103	1
117	1
29	1
160	1
1	1
71	2
13	1
112	2
110	1
90	2
34	2
4	1
179	1
85	2
87	2
11	1
9	1
32	1
23	1
19	1
31	1
119	1
54	1
46	1
151	1
88	2
157	1
121	1
98	1
148	1
100	1
164	1
167	1
57	1
140	1
113	1
73	2
141	1
86	1
81	1
62	2
5	1
162	1
177	1
134	1
138	1
89	2
132	1
133	2
49	2
154	1
136	2
15	1
106	1
63	1
169	1
41	1
118	1
124	1
156	1
96	1
99	1
10	1
24	1
101	1
66	1
123	2
163	1
161	1
72	1
152	1
16	2
143	1
171	1
40	1
130	1
7	1
178	1
165	1
55	1
14	2
45	1
94	1
111	1
61	1
142	2
33	1
122	1
21	1
6	1
180	1
93	2
174	1
60	1
172	2
129	1
97	1
173	2
39	1
115	1
53	1
126	1
120	2
74	1
30	1
58	1
22	1
75	2
84	1
95	1
36	1
80	2
166	2
149	1
8	1
127	1
150	1
64	1
104	1
38	1
108	2
27	1


65	-6	127	1320
43	187	-227	900
114	160	98	980
153	-190	125	1060
147	68	-67	880
59	-164	143	760
50	150	129	920
170	-182	-133	1380
25	-167	-238	960
20	-253	0	900
82	172	174	700
37	-183	-183	640
52	1	41	620
3	-184	-159	800
68	219	84	920
109	148	210	1740
176	-321	186	780
67	6	-241	780
44	-13	274	680
70	-106	-97	1200
17	114	-148	640
105	367	-227	880
18	194	110	860
103	38	-50	780
117	-205	-274	780
29	-220	192	700
160	228	125	660
1	-257	-205	860
13	-328	-272	840
110	178	-227	800
4	-19	-177	820
179	205	-205	740
11	193	-219	600
9	-189	-8	1000
32	10	92	2340
23	80	158	660
19	-221	113	780
31	205	-228	940
119	-6	-254	1040
54	-124	-151	680
46	-230	189	900
151	187	125	960
157	151	110	1340
121	153	130	1440
98	-163	-142	720
148	182	-187	840
100	-310	290	700
164	209	51	1260
167	-196	223	2580
57	277	0	1000
140	183	83	1360
113	4	120	1280
141	227	7	860
86	41	48	820
81	377	184	940
5	-63	-92	1640
162	-207	0	860
177	160	174	1000
134	180	-182	960
138	-316	-211	860
132	-7	-255	740
154	154	-160	840
15	-231	-28	1080
106	-175	-66	1940
63	-182	-230	940
169	-157	105	740
41	-335	102	1120
118	148	154	740
124	170	245	860
156	-202	208	780
96	142	149	660
99	-163	270	860
10	178	16	720
24	198	85	960
101	-5	297	1020
66	-90	-97	1220
163	221	175	880
161	-75	-135	580
72	-266	-113	2000
152	-64	88	1160
143	-202	5	1380
171	228	14	820
40	-139	-190	1380
130	-127	233	1060
7	193	151	740
178	-126	239	1020
165	128	-90	880
55	-149	176	1060
45	-191	-169	660
94	148	200	620
111	179	100	640
61	-173	153	560
33	-27	-99	1460
122	6	-266	840
21	-159	-75	680
6	-335	-249	900
180	152	-210	2040
174	207	-240	820
60	-104	-116	880
129	192	4	680
97	-65	-140	1440
39	-147	-179	1220
115	167	179	1000
53	-221	-222	980
126	231	-181	900
74	7	-147	840
30	-220	-72	940
58	-266	-133	880
22	118	86	900
84	183	187	1080
95	159	184	1860
36	185	-258	680
149	190	218	1660
8	-404	-4	1720
127	193	-231	920
150	160	-249	1260
64	-329	-216	980
104	-307	-151	2560
38	182	233	1820
27	166	202	1320


95	141	202	4140
104	-306	169	1060
57	350	7	680
147	102	-67	1040
152	-70	81	700
21	-201	-6	1040
38	160	175	760
118	197	223	1400
168	173	215	1780
160	234	-224	1520
13	-356	-256	780
90	105	-200	1700
159	-156	223	1320
116	-195	177	1960
12	-296	136	1020
62	-9	29	760
122	-4	-273	740
16	-190	-6	1280
144	154	-241	1140
61	135	173	1000
134	149	161	1140
4	0	81	1480
164	167	4	1060
165	-5	-107	1820
175	262	16	860
25	-125	-233	700
27	128	203	3020
22	134	127	1300
98	-180	-153	1060
92	180	193	2480
124	95	61	1300
30	-203	-64	1220
88	-157	121	880
102	147	166	1300
66	-150	-130	1200
86	20	-22	860
180	206	257	1020
71	-161	-5	1080
146	187	230	960
42	-143	-168	1980
50	151	-183	1440
117	-198	-186	1740
26	143	146	2580
96	139	159	1140
155	-6	-190	1780
179	-153	-167	2480
107	129	118	1100
81	340	112	800
34	147	271	1020
172	-2	-264	860
49	-162	-40	2600
14	180	150	1400
129	173	-223	1760
100	-317	283	780
5	-74	-120	1380
74	1	-224	1320
48	-199	-93	1080
173	-3	282	740
39	-122	-140	2220
148	130	134	2100
24	-70	84	1260
108	-131	-4	1840
140	116	90	2300
91	179	205	1760
171	315	8	660
138	-325	-243	2700
7	169	89	1220
177	132	-196	2940
15	-201	133	2460
103	25	-21	1720
128	167	229	1200
36	149	155	1220
131	-3	30	1100
149	203	15	2080
6	-346	-259	840
43	4	32	1220
105	368	-236	780
176	-328	230	1380
28	186	218	1440
142	113	83	1800
3	-161	-158	1080
73	-351	230	1020
119	7	-246	1380
11	157	222	2280
60	-116	-129	4780
112	-301	196	1420
87	-162	-183	1860
45	143	135	3560
9	-8	-84	2660
101	7	288	620
163	148	172	1280
121	129	161	1320
151	-294	165	1740
1	-303	-230	840
78	132	133	1320
127	159	4	1100
94	144	-188	1400
59	-201	148	1280
75	17	73	560
10	157	173	2460
56	150	139	2640
97	-1	73	2060
154	157	181	1480
35	-158	-176	2880
135	-143	-98	1440
79	157	170	2640
141	170	-5	820
17	167	-180	720
126	190	-175	1340
120	121	191	1140
55	-160	134	900
54	-143	-161	900
161	-69	-108	800
150	160	1	2580
139	-345	192	2120
115	177	199	1440
8	-355	3	680
69	164	-160	2060
58	-176	-184	1160
80	-223	-92	780
166	147	165	980
111	143	86	840
145	314	10	880
153	152	129	1620
67	0	-224	780
19	-230	-147	3940
178	-139	213	560
84	183	173	1460
46	189	-190	2080
33	-155	-115	1680
167	-199	233	1500
72	-212	-90	1120
132	144	178	820
40	-123	-172	600
47	138	133	2560
37	-137	-188	960
85	209	92	1600
136	-79	-261	820
169	-138	116	520
130	-133	-114	900
143	-130	1	2580
63	91	152	1840
64	-344	-23	1120
76	199	-104	1200
32	-1	16	600
156	149	204	2000
53	-296	-41	1660
29	-301	223	780
157	332	-6	1060
82	216	163	1060
125	-320	206	1340
133	112	126	820
113	83	131	4180
44	-8	280	780
2	-150	246	1120
174	142	-192	740
31	164	-147	1020
68	318	-2	880
52	0	1	680
93	158	134	900
51	-150	-125	960
83	143	198	2660
162	-194	-189	1160
77	-161	109	2700
23	25	-41	2020
89	108	206	880
170	-124	-137	720
110	162	-124	2560
18	139	105	2120
70	-121	-91	1640
41	-269	97	1180
99	-183	170	900
114	148	101	760
65	-3	281	980
109	122	92	880
123	-146	105	960
158	-188	203	960
20	-254	240	1000
106	-46	29	740
137	109	237	840
