

171	11	1
122	15	1
169	17	1
100	28	1
174	32	1
111	39	1
176	43	1
104	54	1
167	57	1
45	67	1
36	72	1
25	74	1
163	83	1
1	95	1
177	100	1
134	112	1
117	116	1
60	119	1
6	129	1
113	149	1
132	160	1
5	207	1
57	223	1
59	245	1
140	297	1
179	328	1
164	372	1
3	407	1
21	451	1
58	471	1
161	12	1
154	12	1
99	27	1
44	30	1
152	34	1
41	38	1
109	43	1
70	53	1
103	60	1
124	61	1
106	68	1
141	77	1
149	81	1
162	87	1
18	98	1
65	105	1
170	117	1
129	118	1
43	128	1
84	152	1
150	166	1
121	187	1
153	220	1
86	228	1
151	278	1
19	332	1
180	372	1
160	395	1
40	425	1
11	495	1
9	9	1
10	16	1
165	27	1
32	31	1
101	33	1
178	39	1
17	44	1
67	51	1
82	59	1
54	64	1
4	70	1
53	75	1
39	86	1
114	87	1
64	98	1
115	104	1
20	117	1
138	119	1
38	136	1
23	147	1
66	172	1
143	209	1
96	217	1
30	246	1
55	299	1
50	316	1
63	389	1
157	411	1
127	447	1
94	496	1
52	6	1
95	14	1
72	27	1
24	27	1
27	35	1
126	39	1
147	45	1
13	45	1
22	60	1
7	60	1
74	69	1
119	78	1
31	83	1
33	93	1
98	97	1
46	105	1
8	116	1
105	119	1
81	139	1
29	144	1
37	158	1
68	189	1
97	225	1
156	266	1
61	286	1
148	325	1
15	385	1
110	417	1
130	420	1
118	481	1
172	12	2
131	13	2
142	20	2
34	32	2
85	34	2
51	41	2
76	42	2
71	45	2
73	55	2
133	68	2
136	71	2
90	76	2
93	80	2
79	91	2
88	104	2
89	114	2
80	117	2
173	118	2
87	128	2
166	148	2
16	186	2
125	202	2
75	220	2
62	257	2
49	266	2
120	347	2
112	392	2
14	407	2
123	461	2
108	486	2
2	5	3
135	12	3
145	22	3
91	29	3
77	35	3
83	39	3
159	44	3
47	48	3
139	56	3
158	66	3
48	72	3
92	75	3
12	81	3
28	89	3
56	102	3
107	111	3
137	117	3
116	127	3
144	132	3
128	146	3
42	164	3
69	195	3
175	223	3
155	231	3
35	304	3
102	344	3
26	359	3
168	419	3
78	424	3
146	504	3
