

18	146
257	59
-200	154
-47	119
-72	-156
-162	-198
-31	-233
-141	132
-299	-269
245	171
-181	73
253	-175
-105	131
190	-139
-248	-12
70	-10
77	5
105	-162
202	77
230	-74
-58	-281
229	128
68	15
-233	-56
-58	-243
128	-25
62	-88
271	45
200	-289
34	293
135	147
-71	196
-173	258
-183	111
204	299
-164	226
293	142
237	-108
267	-196
-26	-297
53	67
176	-2
-1	251
-212	234
-102	-162
-143	-118
155	168
-9	180
104	-293
-286	179
11	61
246	-98
282	169
124	143
266	258
106	-14
-77	209
-73	264
-205	-143
-253	31
-19	-55
156	29
274	255
-257	104
-259	75
-166	206
277	-262
126	-15
-200	134
-66	17
-87	-57
-133	-194
149	149
-284	-192
152	175
3	-243
-138	215
213	-134
88	154
43	287
183	-281
-290	-16
26	-203
-287	-259
-231	-120
-180	263
-81	-9
-277	19
-91	97
-95	107
188	-290
-183	176
-218	47
197	189
-54	61
50	-292
-85	169
-21	123
128	168
281	183
-186	-140
13	188
217	24
295	-289
272	277
-72	176
90	294
93	-148
-122	241
-126	-260
36	56
-192	181
114	-232
196	-266
-230	120
-172	-272
194	156
89	231
81	239
246	-291
200	60
-84	-137
28	86
-120	-173
-172	265
-278	199
173	239
182	155
-167	-242
92	-142
187	-219
30	-240
-131	-292
-121	-137
35	-72
64	-3
-53	-189
116	-167
-194	158
-110	-8
-72	-218
-159	-241
114	191
206	7
-253	-93
56	24
-154	237
-142	-229
-266	-111
247	-216
-215	-155
-200	57
-251	16
-271	-111
-175	211
120	241
-297	-150
-32	-74
-29	-81
-166	-229
137	100
10	293
-98	-125
-187	-160
112	153
-250	51
250	9
-174	158
-254	-159
-42	243
155	206
258	-57
-58	-284
-48	254
-42	148
159	-270
-206	102
106	-173
226	-6
-265	257


28	89	84	1200
38	237	176	4160
11	98	95	920
52	104	-274	2440
95	-80	75	1260
10	233	185	800
46	-183	217	2860
23	120	-108	760
158	5	5	860
151	-214	3	680
135	-7	-13	1200
58	-59	191	640
44	-195	177	1440
140	9	6	1360
164	-125	-115	1420
141	-94	-304	1020
66	-126	-132	920
33	-142	16	620
113	-5	-308	560
16	81	-119	2120
168	-105	197	500
152	-138	16	460
62	-91	-115	2380
89	-110	117	520
180	-111	196	2300
15	-30	-13	2120
39	99	107	1000
178	142	-4	1560
160	-121	-146	780
42	140	179	1520
176	197	-293	820
12	122	-113	1520
125	-181	113	1640
131	245	-293	800
4	9	217	1480
177	-144	125	1300
153	-286	7	800
133	-236	-226	1000
74	208	-213	2920
137	77	12	1020
106	187	197	1540
104	245	-300	560
99	168	190	780
156	124	190	880
83	216	-13	3280
73	139	95	740
77	-195	207	580
27	123	21	2460
169	-249	-39	700
50	-143	112	780
87	6	281	1260
56	-134	22	2800
45	15	12	1760
84	-224	-85	800
159	259	-201	1700
175	216	97	680
124	-257	108	920
41	53	115	440
91	-118	-216	820
79	132	-211	1820
86	-9	295	1820
163	-128	12	760
70	-180	15	580
92	-143	262	820
36	-9	290	740
55	220	280	2460
167	-13	11	2480
98	-63	209	780
119	221	178	720
60	60	-27	1340
14	236	-230	2780
32	-115	198	740
53	245	189	620
81	190	-207	1100
115	-254	24	520
129	-295	-236	1020
107	-158	199	3000
117	195	224	2020
30	-8	210	600
76	31	103	680
54	1	-12	440
6	-148	-228	660
171	215	189	580
120	254	-239	740
179	155	-22	840
144	137	72	1180
96	-60	-300	1060
97	-259	94	780
165	9	-22	2240
65	-227	67	2460
112	-145	223	660
51	-12	199	2960
148	-150	-310	680
122	-169	-85	1880
20	210	187	1260
82	-295	-27	820
157	148	-290	1060
143	1	0	1760
43	90	276	1100
105	142	-312	1380
2	203	16	740
172	-280	-221	1280
108	208	3	1600
173	150	182	1060
126	-268	90	940
93	-300	-135	1320
110	-275	-304	740
26	210	182	1160
170	58	91	740
150	-207	186	2260
47	-121	-309	5240
139	-34	214	740
136	78	-14	1200
121	262	180	840
25	-109	-303	1120
17	-144	188	2940
22	-103	80	1140
138	160	170	4000
57	-105	181	640
130	-3	197	1340
103	236	180	3220
59	213	-32	2860
21	2	188	2380
49	-107	-215	1420
13	153	221	1220
63	212	205	840
3	58	204	600
80	7	189	500
35	-294	183	660
142	-93	-128	4160
1	114	174	880
161	-93	-130	780
155	300	-224	1140
94	-42	210	700
9	-197	-211	1640
78	259	-1	680
85	-49	-328	920
69	-42	305	700
111	-45	22	1420
29	225	-311	900
147	-117	226	1360
118	139	224	600
116	-199	-184	960
37	-8	258	500
132	133	-309	800
5	-111	-113	560
19	203	192	740
72	-209	198	1760
8	153	10	640
134	-136	-226	1000
146	-147	91	580
7	-95	-320	680
75	209	-22	740
48	-5	291	940
100	215	266	940
18	-206	155	1140
128	-100	171	980
31	206	-35	1020
88	-273	-25	640
68	207	74	700
64	-279	90	700
61	-76	96	580
162	4	194	680
174	-231	-103	1040
90	-155	77	440
149	-185	-126	760
101	-53	72	780
24	-97	-29	620
71	-7	287	1380
145	-284	-147	740
166	-200	184	1760
114	257	-216	740
154	-194	-222	640
109	-196	-36	780
40	0	11	1060
34	194	-38	760
102	184	53	1460
123	94	66	820
127	205	179	780
67	156	-125	520


62	1
119	1
151	1
171	2
27	1
65	1
179	1
60	1
127	1
174	1
86	1
72	1
163	2
124	2
115	1
91	1
6	1
34	1
178	2
68	1
24	1
172	1
83	2
103	2
117	1
25	1
120	1
80	1
102	2
152	1
155	1
129	2
135	1
22	1
138	1
92	2
15	1
134	1
47	1
166	1
169	1
81	1
148	1
84	1
71	1
46	1
170	1
101	1
32	1
137	1
98	1
48	2
162	1
4	2
89	1
156	1
57	2
160	1
128	1
93	1
30	1
54	1
76	1
28	1
121	1
20	2
52	1
109	1
159	1
99	1
141	2
16	1
78	1
31	1
165	1
175	1
95	1
9	1
131	1
111	1
126	1
146	2
110	1
21	1
97	1
114	1
168	2
53	1
73	2
41	1
157	1
143	1
167	1
96	1
18	2
123	2
36	1
44	1
7	1
108	2
177	1
13	1
55	1
85	1
112	1
39	2
37	1
150	2
142	1
149	1
125	1
1	2
164	2
94	1
153	1
50	1
82	2
130	2
180	1
105	1
140	1
59	1
3	1
40	2
154	1
2	1
45	1
88	2
87	1
104	1
29	1
64	1
38	1
74	1
132	1
56	2
158	1
161	1
26	1
33	1
67	1
19	1
122	1
12	2
106	1
136	1
144	1
5	1
51	1
145	1


62	-4	2	1760
119	238	206	1100
151	-239	-100	1120
27	-242	-2	1140
65	-198	283	1560
179	192	92	1100
60	187	214	1580
127	-248	-102	1120
174	233	210	2440
86	13	298	1020
72	224	-212	3560
115	230	211	1000
91	-263	204	1040
6	218	191	1160
34	267	203	960
68	217	-108	1980
24	-118	17	2920
172	236	-216	3540
117	245	199	1280
25	-257	-307	2900
120	343	-294	1360
80	-1	-10	1100
152	-125	2	2340
155	233	-212	6560
135	-215	5	1360
22	-141	102	1240
138	-169	206	1340
15	254	-265	5340
134	161	-134	2320
47	-199	-120	1300
166	259	187	2500
169	-317	-7	1640
81	236	-218	640
148	-170	-292	940
84	232	187	900
71	10	-285	1680
46	144	282	1280
170	-67	208	560
101	-50	114	680
32	236	199	2560
137	263	-308	1040
98	-43	220	680
162	25	279	480
89	151	182	1720
156	210	194	960
160	-244	-202	1680
128	-268	192	4260
93	-235	-104	780
30	-5	286	920
54	3	294	1220
76	-59	197	1680
28	201	-219	1980
121	155	187	2000
52	0	295	1060
109	232	195	6440
159	243	-234	1700
99	216	204	1580
16	219	-99	10220
78	55	301	2160
31	-216	-104	920
165	-171	-85	3840
175	254	198	1340
95	-53	195	1280
9	-164	-207	1160
131	257	-282	840
111	-139	3	1180
126	-193	195	940
110	-245	-319	780
21	242	-2	4100
97	-137	189	880
114	145	207	920
53	201	98	1000
41	54	109	1680
157	159	-289	1440
143	9	192	3120
167	3	209	2320
96	-263	-284	5000
36	-7	296	960
44	-167	204	1660
7	-120	-309	840
177	-129	199	2780
13	144	210	940
55	232	189	1340
85	-147	-278	1420
112	223	215	1440
37	239	-26	2420
142	-241	-26	1000
149	-203	-109	660
125	-130	198	3620
94	40	276	960
153	125	209	1980
50	-50	218	1000
180	-147	262	1180
105	260	-298	1180
140	-9	212	720
59	-209	-196	1560
3	-53	221	780
154	-177	-294	1180
2	257	5	800
45	26	220	780
87	-65	302	800
104	255	-297	720
29	-264	-302	860
64	226	-5	980
38	-56	304	660
74	231	-235	840
132	159	-303	660
158	15	206	1320
161	-129	-16	1460
26	17	210	780
33	-230	-197	1180
67	195	179	660
19	206	201	740
122	209	-221	800
106	12	-4	1840
136	207	-5	640
144	251	-304	740
5	-113	-10	780
51	-1	221	620
145	-211	-222	740


67	160	191	11460
160	-289	-213	2840
83	223	-113	1220
142	-298	-117	2420
32	-2	6	1120
21	205	-112	6360
162	-6	284	1100
20	236	215	1920
84	-253	-20	3820
31	-282	-229	3980
78	250	282	1020
59	-277	-119	1020
14	222	105	900
138	151	266	940
54	6	285	4580
93	-261	-107	740
38	-69	188	1060
81	253	-222	2240
132	146	-217	2380
139	142	286	1180
144	252	-217	2700
126	-253	-4	1140
40	-6	268	2060
68	241	85	3200
86	3	286	960
76	158	202	940
9	-255	-124	1380
137	257	-218	1120
115	-297	-27	2340
153	1	278	5000
133	250	197	3340
10	-273	-222	1460
178	210	-18	1260
179	154	80	860
7	-208	-301	980
70	-259	197	9760
118	198	191	860
120	248	-286	880
161	-101	9	3520
4	209	-214	4640
107	248	94	1440
19	210	185	1920
152	-240	22	820
110	-284	-299	900
2	198	22	3720
69	-36	175	900
13	156	194	1300
95	57	-214	5420
119	203	188	1220
96	-248	-290	1140
87	-43	268	880
48	-12	277	1100
27	-290	-220	5700
49	-268	-220	2020
46	249	219	1980
156	-211	195	3000
71	-298	-115	1460
45	-307	-23	6500
140	0	292	3200
165	-298	-126	1320
100	208	182	3100
94	-44	283	940
92	-205	184	960
53	201	110	2760
85	-46	274	1040
158	-8	-295	14440
8	157	80	780
163	-267	-214	1140
72	1	195	1700
130	-289	-209	12780
60	-55	190	820
75	205	206	1920
155	-253	-308	1420
62	15	-3	2680
18	205	189	1980
131	244	-226	2600
80	-1	276	920
145	-287	-224	940
180	152	271	1160
114	254	-207	2140
157	-155	190	7060
29	-289	-291	1400
104	216	-303	860
17	150	-124	2320
99	245	195	1700
166	-283	-9	1300
28	-285	-296	3640
176	-210	-299	1940
15	5	284	1000
108	-212	-294	1520
124	-205	-123	2080
61	53	189	1560
35	200	24	1000
58	-55	184	1200
41	-62	184	1620
169	-355	-23	820
146	-246	181	620
129	-307	-307	980
134	152	87	860
6	159	86	1220
24	-106	17	1640
147	-197	-226	1080
3	-49	181	760
89	258	191	3080
11	-203	-27	1520
91	-220	196	960
55	-242	-215	3240
26	236	7	2040
170	48	190	960
109	205	209	1060
30	-5	290	1620
141	-215	-292	1240
52	211	-289	4240
175	-215	198	3240
128	222	178	1140
65	140	194	1120
33	214	-27	1580
16	-207	-104	920
43	193	-225	2800
168	-199	207	680
136	154	54	640
151	-208	180	3500
79	206	183	1200
116	202	-220	1460
34	-191	-216	3860
111	-249	-11	1780
98	-48	82	1120
36	5	287	740
12	-222	-280	1020
167	6	279	1200
159	-216	-222	1500
51	214	-112	820
106	-2	3	620
39	-205	191	1520
56	23	-3	800
177	158	82	540
25	-292	-314	2460
77	-208	180	980
88	-296	-21	1400
164	210	185	2800
5	-112	17	1780
171	198	183	1620
154	-204	-23	1940
63	50	172	1360
23	203	-15	3440
117	207	187	860
173	-149	83	1800
122	-205	-307	1420
149	-205	-109	1780
37	-1	288	900
150	-9	288	4060
50	50	82	1280
44	162	178	2480
135	203	111	4160
127	7	284	940
123	-208	-28	1520
121	259	180	1660
97	48	181	1620
102	-211	-226	3700
172	214	-218	1760
125	-215	180	1480
101	52	79	560
112	208	28	1820
90	-47	185	2540
148	-156	-301	2100
113	-254	-102	2820
73	155	89	800
42	48	205	1320
103	-4	291	860
105	255	-295	1040
143	-208	-288	1560
57	5	291	880
74	208	-108	1120
174	210	194	1340
66	147	62	2840
22	-294	-21	2040
64	209	188	4740
47	-212	-117	1940
82	-300	-21	1700
1	203	-20	2380
