

95	29	1
29	33	1
32	44	1
55	50	1
44	59	1
2	69	1
152	74	1
148	81	1
30	93	1
131	94	1
115	98	1
16	109	1
140	119	1
27	124	1
121	135	1
125	152	1
180	165	1
36	167	1
84	185	1
93	199	1
143	221	1
101	250	1
106	259	1
85	276	1
62	285	1
91	314	1
76	347	1
72	399	1
74	492	1
172	562	1
64	26	1
153	36	1
41	48	1
104	51	1
5	58	1
117	68	1
179	72	1
25	78	1
111	87	1
98	95	1
122	99	1
126	109	1
19	115	1
68	120	1
154	135	1
119	152	1
151	158	1
170	181	1
97	189	1
54	197	1
26	222	1
137	239	1
3	262	1
38	284	1
109	286	1
37	322	1
22	335	1
71	353	1
59	432	1
155	644	1
89	27	1
6	33	1
53	42	1
156	51	1
145	62	1
177	66	1
135	72	1
114	78	1
158	87	1
160	94	1
162	99	1
96	110	1
9	117	1
132	123	1
24	138	1
78	140	1
110	155	1
67	182	1
31	195	1
45	209	1
52	226	1
33	243	1
175	262	1
13	273	1
159	312	1
60	318	1
46	337	1
34	405	1
157	466	1
105	603	1
136	17	1
65	32	1
99	45	1
120	52	1
112	63	1
127	68	1
81	74	1
149	82	1
134	90	1
144	94	1
80	104	1
7	108	1
169	120	1
142	130	1
51	139	1
166	142	1
50	157	1
86	173	1
28	186	1
165	203	1
15	218	1
94	239	1
167	263	1
128	282	1
87	302	1
161	325	1
138	339	1
174	401	1
21	472	1
47	551	1
82	12	2
57	39	2
88	44	2
73	54	2
171	62	2
123	68	2
164	76	2
168	79	2
141	88	2
92	94	2
1	100	2
48	111	2
4	112	2
129	128	2
163	140	2
12	144	2
103	157	2
178	172	2
108	189	2
146	213	2
102	217	2
56	242	2
20	261	2
83	268	2
40	309	2
124	312	2
39	346	2
130	352	2
18	444	2
150	606	2
10	18	3
147	38	3
176	44	3
118	50	3
77	57	3
90	67	3
58	74	3
63	79	3
116	92	3
43	94	3
14	101	3
100	106	3
70	114	3
133	124	3
23	133	3
113	141	3
61	161	3
139	169	3
42	184	3
75	205	3
49	224	3
69	232	3
107	265	3
11	279	3
17	286	3
8	318	3
66	340	3
79	367	3
173	510	3
35	511	3
