

86	-31
218	-17
83	-113
90	-46
-32	66
294	298
39	-87
-300	131
106	263
-2	13
20	188
170	-44
213	-198
-295	58
263	-247
220	-293
12	-183
-258	-23
275	32
-195	247
-85	213
88	-82
25	-31
6	202
-41	144
133	41
180	-285
278	-29
278	-269
162	203
-56	41
262	-280
-222	-23
292	286
-298	248
79	227
-119	21
-257	2
-275	255
31	153
143	229
12	80
-289	-79
-11	187
265	196
117	128
-153	-112
163	-49
78	295
143	218
15	-294
-37	-79
194	213
222	123
144	-110
-263	-295
278	40
-225	-262
-57	-188
247	238
83	-140
-258	-217
-149	214
191	-233
-197	-82
-266	-136
115	-130
148	-155
-165	287
49	-25
-156	111
269	-238
-139	-270
250	-147
-188	68
234	-64
-257	-147
182	-59
-225	-258
266	-294
204	242
-213	270
-208	-204
196	-279
154	-279
250	-244
134	276
-211	6
243	75
-74	-172
235	-245
274	115
-117	99
-132	-135
-161	218
242	-28
-201	-10
-89	273
229	-71
-191	232
240	-223
-64	47
-273	140
-284	204
5	232
-148	249
-198	0
292	-77
-258	-104
102	-207
-251	151
-156	-34
25	-170
99	6
-287	-128
-70	-149
-286	-252
-168	-257
187	-36
-198	22
-7	247
222	-65
253	21
-91	42
142	-279
-204	-258
-276	260
-159	-93
-148	67
-248	43
-100	199
43	-179
-110	-67
148	101
219	-299
87	-194
200	-289
-13	240
160	13
13	203
-170	278
49	27
80	24
118	-80
-116	-206
-300	-289
56	-265
103	-70
-32	194
240	54
45	173
-137	160
-295	5
265	-227
56	-146
-45	-6
-73	103
-54	-76
-48	-183
282	49
265	-58
194	-166
-155	255
-252	138
-156	-113
-144	-289
39	-241
-133	251
13	-251
91	228
96	-248
-174	-117
-24	287
-248	-235
-208	250
113	191
-287	-96
-159	-162
-86	-112
40	-226


178	-172	-100	2560
159	-133	-193	620
30	175	242	1600
108	271	2	1200
17	95	-239	1940
8	-310	-154	680
24	2	239	1100
146	-100	-202	860
45	-141	251	1420
162	158	-136	960
127	257	5	1640
89	202	112	1140
112	144	-237	1900
130	-241	-164	1900
160	258	107	680
106	-151	202	2440
16	278	-38	3640
91	148	-235	880
47	71	-248	3700
36	0	245	1040
87	98	211	1060
57	246	5	800
105	-10	263	840
150	168	-131	800
132	107	148	1800
114	-95	-105	3140
92	359	95	700
111	57	-258	2780
145	-162	-200	620
66	-280	-149	660
4	-145	-98	900
93	165	-103	1980
85	-116	246	1620
71	-47	234	1140
50	209	-123	2660
90	-188	-139	1360
133	-87	256	1600
58	200	243	1700
172	222	5	800
28	243	115	660
86	-257	239	2160
14	185	141	2740
84	-70	-42	1500
180	151	127	1860
96	-202	231	1980
136	229	-100	1280
39	67	-43	1020
12	165	-259	1920
131	2	271	1560
59	-137	-155	1340
3	232	236	1320
2	252	101	1740
65	-226	-150	1740
110	206	-74	3200
1	-256	-5	940
64	370	-260	1380
151	240	238	3160
38	48	-94	1100
169	-7	-285	580
124	-49	54	3120
76	152	219	1700
117	-252	-210	1860
31	254	0	800
7	-255	-6	1320
167	-244	256	2280
102	149	-300	900
48	260	65	940
77	-224	-147	1660
94	120	-143	1100
80	-223	252	1100
100	-160	199	860
141	-271	-2	1180
122	256	-6	760
10	180	-142	1380
109	-275	-111	500
22	144	-295	1780
74	-236	-2	4260
26	259	260	1340
55	266	-210	2000
134	-89	50	1860
25	160	-123	1260
121	206	5	540
119	-251	-206	1060
21	-146	250	1580
88	-162	-177	2960
107	-201	2	680
82	-253	287	2440
5	261	7	1740
104	-244	250	1160
67	-190	-98	880
156	77	-50	1580
148	204	-260	3260
113	-1	-261	1620
11	-171	254	1880
138	8	-272	1000
98	10	256	1380
129	-178	200	1440
35	-229	-262	1900
63	-97	200	1160
52	-1	-6	1200
155	0	0	200
173	-202	1	2600
176	234	293	1300
44	-95	208	860
168	0	0	1520
175	257	257	2880
9	257	-3	2020
126	51	-280	820
72	251	-171	1160
171	-140	-244	2000
135	-170	-250	680
32	165	-259	1160
41	-97	260	1660
79	255	96	1100
97	-287	-145	760
142	40	-43	860
15	152	-289	1460
174	-167	-205	1400
116	-248	7	3280
34	372	301	760
161	267	2	640
166	-44	-94	3600
81	-291	-8	940
103	-248	245	1640
6	149	226	2160
18	-53	41	1140
123	261	-91	1380
37	-247	240	1180
120	-195	-105	1300
13	219	-195	760
61	112	-242	1940
144	0	0	620
115	-60	48	480
54	263	-6	1200
27	259	-177	1980
95	249	252	1860
152	-241	-2	2040
83	-239	-3	540
43	-233	237	2240
40	176	-98	1720
165	0	0	280
125	0	0	720
149	276	-260	5260
139	-1	300	900
164	0	0	400
78	0	0	80
73	0	0	380
19	256	0	1160
137	-199	-243	1580
147	145	-255	880
153	-341	2	1520
49	-57	255	800
101	205	-297	1240
42	209	257	1820
20	366	292	1020
33	-230	-197	1300
99	0	0	200
158	76	-132	1220
69	0	0	840
29	0	0	260
46	0	0	160
68	329	-3	1600
140	-147	-203	1420
56	0	0	160
157	1	296	1320
179	0	0	300
75	0	0	400
143	137	-90	2680
177	3	-280	1060
60	301	293	1520
163	-234	207	1380
170	-97	254	2240
70	0	0	380
23	73	57	1580
62	-241	-209	860
51	69	-294	1000
154	138	-207	820
118	352	4	800
128	-160	-242	5600
53	170	-4	840


131	1
163	2
38	2
95	1
20	1
111	1
114	1
57	1
98	2
115	1
112	1
152	1
87	2
105	1
28	2
26	1
43	1
17	1
144	1
48	1
75	1
42	1
3	2
130	1
138	1
106	2
178	1
63	2
35	1
5	1
76	1
110	1
22	2
150	1
154	1
132	1
47	1
62	1
72	1
97	1
137	1
142	1
126	1
70	1
34	1
65	1
165	1
113	1
173	1
109	1
68	1
12	2
94	1
157	2
118	1
117	1
134	1
52	2
9	1
156	1
124	2
99	2
58	1
56	1
81	2
41	1
119	1
116	1
13	2
29	1
90	1
25	1
120	2
67	2
71	1
162	1
46	2
30	1
18	1
180	1
175	1
15	1
2	1
167	1
164	2
82	1
7	1
53	1
24	1
129	1
96	2
172	1
55	1
122	1
64	1
27	1
155	2
91	1
50	2
177	1
54	1
4	1
36	1
1	1
85	1
88	2
84	1
102	1
74	1
86	1
31	1
108	1
83	1
148	1
92	1
33	1
69	2
133	1
73	1
44	1
39	2
168	1
179	1
159	1
77	1
136	1
145	1
32	1
160	1
171	1
37	2
21	1
174	1
176	1
49	1
101	1
169	1
151	1
103	2
80	2
100	1
78	1
61	1
45	1
79	1
51	1
121	1
40	1
66	1
161	2


131	2	283	1260
95	-124	278	1260
20	256	280	1120
111	-140	-291	2060
114	213	-204	1740
57	-235	-6	1060
115	264	-3	760
112	-247	209	1520
152	-242	-3	1240
105	0	286	1580
26	-253	205	1620
43	-250	-290	880
17	199	243	1200
144	198	-252	1060
48	247	95	660
75	-252	-297	940
42	0	-269	1200
130	-251	95	1260
138	100	-265	880
178	-246	-194	840
35	-247	213	560
5	247	211	1520
76	-99	208	1260
110	254	204	2140
150	-249	-107	1000
154	-229	0	1400
132	303	260	1720
47	-375	-290	1300
62	-165	-291	700
72	250	-111	1500
97	-189	-97	880
137	111	246	1160
142	-243	223	1800
126	112	-285	1320
70	-156	207	920
34	-244	0	720
65	-87	-196	880
165	158	2	1240
113	-99	-251	1340
173	-105	12	1920
109	-264	-197	620
68	153	-202	1160
94	5	253	700
118	-242	-2	540
117	-272	-98	1240
134	-201	-1	760
9	-254	-187	860
156	258	1	740
58	-91	241	1340
56	-255	101	1260
41	-103	208	1320
119	-244	-2	920
116	-235	0	1520
29	210	203	1820
90	105	-206	1020
25	-50	-45	1080
71	-109	208	1920
162	162	-147	1160
30	-61	64	1700
18	248	202	940
180	-1	200	720
175	258	-48	1400
15	-152	-203	1740
2	255	293	1760
167	-242	254	1340
82	-261	204	940
7	-144	-200	2340
53	-47	-102	640
24	-1	-299	2780
129	-237	-290	600
172	247	0	580
55	-236	-4	740
122	256	-204	1120
64	5	249	1880
27	-145	-106	1060
91	152	-290	1120
177	-113	-200	840
54	-262	-205	1000
4	261	-291	1100
36	107	291	1400
1	-255	-99	1800
85	-2	-290	960
84	261	101	780
102	-240	205	2800
74	-243	-2	720
86	-243	203	820
31	-145	-105	980
108	254	-102	800
83	-145	106	1240
148	-108	-291	1360
92	363	96	780
33	-258	-196	1280
133	-311	-6	1260
73	250	-270	1720
44	-106	-199	720
168	153	-99	700
179	-212	-195	1340
159	-255	107	780
77	-253	6	900
136	-297	-196	1060
145	-151	-198	820
32	172	-206	680
160	-246	201	880
171	150	293	1540
21	-54	56	780
174	241	0	740
176	247	294	1620
49	-157	-93	1000
101	-2	-253	1080
169	-108	-202	1020
151	-254	1	680
100	-244	205	860
78	-1	258	900
61	101	-147	700
45	242	211	560
79	256	106	640
51	-251	-299	920
121	0	-254	1180
40	-252	103	1100
66	-104	-202	660


155	-239	5	1560
60	200	287	1260
49	-168	-107	2080
134	-99	-206	940
26	63	-42	1420
43	-54	56	1000
59	243	2	1420
21	-47	53	1480
159	-249	245	1040
167	263	-204	1000
121	-192	-212	960
32	-244	-200	1500
109	-252	-102	960
87	-2	292	1320
130	-253	203	1360
36	4	-293	760
61	114	-199	1000
144	202	-6	960
7	48	-45	1200
132	-103	-102	1040
82	-258	295	820
163	365	210	1060
148	204	-251	980
112	-236	202	940
122	258	3	1580
97	-294	-99	920
120	-304	-202	2000
10	243	205	1120
172	251	-2	1140
178	-268	-200	780
16	251	3	1020
124	-51	60	760
31	-244	3	840
143	65	-53	1100
114	206	-206	920
50	-101	-196	1580
38	198	209	1660
39	51	-50	1620
64	-1	-289	1160
138	4	-288	700
153	239	44	1700
41	110	-279	1880
142	258	93	1880
70	263	300	960
150	250	-103	1640
62	-151	-96	1540
106	-161	201	1400
80	-257	297	920
51	-258	105	560
169	-109	-207	1400
140	253	-214	1140
20	258	300	1260
57	250	-1	920
164	-247	1	980
69	-106	203	1140
75	-156	-201	1180
133	-298	-201	820
102	44	-60	1480
85	197	-293	1020
28	48	-49	1160
29	-253	292	1240
123	360	3	1420
77	-253	-1	660
25	-62	-49	1140
174	151	114	1280
74	-241	-3	1600
19	-153	-209	740
119	-246	-96	760
95	109	-301	2400
13	112	-196	1080
160	-252	204	920
100	-252	295	1040
127	237	96	1160
92	367	102	1100
111	6	-289	760
105	-3	294	600
129	65	46	1200
71	-110	261	2080
90	52	-299	1640
48	249	292	940
3	94	203	1500
58	117	-300	1120
6	-110	-202	680
137	-251	4	1760
158	-36	56	1920
179	-354	-197	1000
149	259	-199	2820
73	151	11	1240
83	-242	211	800
94	0	-293	780
45	-362	200	1340
23	-246	-301	2940
5	266	1	540
81	-349	0	680
139	1	297	1020
55	260	0	1440
40	-247	-4	920
63	-96	247	1020
113	9	-299	880
27	0	0	800
86	-234	-296	960
151	243	-2	2480
157	2	289	880
103	-241	206	760
9	-155	-102	1160
115	-243	4	1040
65	-86	-204	820
79	308	176	1880
99	201	-2	900
24	-7	-295	1540
30	-50	-44	1280
12	156	-296	980
22	-3	1	880
8	-202	-200	720
146	2	-291	1040
110	-63	41	1300
175	351	-2	880
44	-103	206	580
125	-252	202	880
141	-257	3	1180
52	-151	-100	1160
53	259	3	1260
67	200	-189	980
108	263	-1	680
68	-154	-193	1520
131	-4	298	700
15	249	297	1580
46	-31	-51	1780
2	257	213	1160
104	-258	205	3240
165	-49	-43	980
42	223	-211	1620
136	-208	-208	820
161	265	6	760
33	-253	-3	820
166	-255	-7	1040
18	-155	146	1000
147	-161	-203	900
54	46	-54	1000
145	-256	-211	960
96	-101	-292	2200
88	-145	-97	740
152	263	-103	1220
14	-148	205	1740
34	-369	7	1740
1	-244	1	960
180	51	-282	1240
135	264	104	880
91	151	-295	900
4	154	-99	1360
11	352	-3	1240
93	-363	-8	660
154	136	-99	2300
35	-160	-203	780
37	-178	202	840
78	7	-7	1820
168	355	103	1500
170	148	294	1160
107	-149	12	3020
72	-344	-57	1540
162	261	-196	780
126	149	-3	2360
117	-265	93	800
89	-103	-207	980
176	264	251	920
84	347	205	1060
47	-353	-204	1200
173	-101	107	1320
118	-66	-63	1360
76	3	296	1580
156	144	-208	1040
56	-150	261	1640
171	271	102	800
98	204	-292	780
17	-1	-296	1040
101	0	-309	520
177	-92	-293	1020
128	-243	-9	2020
66	-116	-206	420
116	-165	208	1160
