

77	33	1
105	34	1
162	46	1
117	54	1
72	69	1
142	70	1
159	85	1
44	86	1
32	99	1
15	118	1
154	128	1
179	141	1
176	158	1
110	168	1
78	191	1
150	198	1
53	218	1
114	223	1
4	240	1
26	252	1
40	289	1
73	303	1
121	322	1
1	342	1
177	343	1
56	395	1
172	414	1
138	512	1
118	581	1
85	590	1
66	19	1
24	37	1
145	46	1
57	47	1
160	62	1
108	81	1
101	81	1
92	87	1
17	100	1
2	122	1
156	129	1
129	136	1
55	157	1
136	170	1
152	192	1
75	199	1
148	215	1
68	236	1
94	252	1
47	262	1
76	294	1
9	305	1
31	312	1
25	334	1
84	356	1
29	386	1
95	411	1
111	512	1
167	571	1
79	596	1
62	18	1
30	41	1
82	43	1
70	55	1
178	63	1
65	73	1
34	81	1
174	86	1
61	106	1
131	124	1
27	133	1
144	142	1
48	149	1
71	164	1
165	192	1
83	203	1
18	214	1
171	236	1
41	241	1
126	255	1
168	284	1
5	298	1
133	323	1
173	336	1
112	362	1
102	407	1
45	409	1
119	469	1
20	562	1
86	700	1
109	18	1
169	39	1
100	45	1
51	54	1
122	68	1
21	71	1
36	81	1
91	87	1
113	94	1
90	118	1
54	135	1
49	140	1
97	160	1
33	174	1
64	181	1
151	205	1
130	207	1
116	236	1
134	242	1
42	264	1
115	287	1
7	304	1
43	320	1
132	333	1
180	370	1
137	401	1
175	465	1
74	507	1
35	514	1
58	660	1
13	6	2
124	43	2
106	47	2
63	53	2
161	60	2
87	74	2
52	81	2
163	92	2
98	100	2
103	107	2
120	127	2
28	148	2
155	156	2
46	173	2
88	189	2
157	206	2
12	215	2
22	220	2
99	239	2
37	253	2
164	287	2
67	306	2
38	319	2
69	331	2
50	347	2
3	379	2
39	453	2
96	514	2
81	554	2
80	732	2
107	3	3
19	37	3
153	46	3
89	55	3
104	60	3
60	77	3
59	86	3
147	89	3
23	100	3
123	112	3
143	127	3
158	141	3
128	149	3
6	161	3
170	189	3
11	202	3
146	218	3
166	219	3
10	239	3
16	261	3
8	285	3
141	297	3
125	313	3
139	329	3
93	346	3
135	392	3
140	436	3
14	487	3
149	548	3
127	590	3
