

-209	224
182	105
-263	-177
-65	-50
60	-78
68	224
45	3
142	24
75	152
93	-85
-198	-148
254	-103
-17	-263
175	-166
-179	-172
66	-122
128	153
155	-175
-225	-21
-146	-162
-18	-99
-205	115
191	-134
66	-203
163	-5
-53	-70
16	-225
-46	43
106	-185
163	-119
251	-20
197	-197
-248	298
52	267
290	-45
-8	-202
-120	-269
55	-156
-299	47
-201	12
119	27
110	191
245	-119
132	262
14	102
-153	-188
-216	161
156	-83
-30	-226
-169	5
277	269
-76	132
102	35
169	52
-55	3
240	-37
-144	48
247	-229
-155	-255
-236	-69
-267	-221
84	264
-223	-202
-198	-170
-219	-80
-179	-236
46	284
-39	207
60	-23
-41	-75
-78	-143
21	85
159	96
250	-268
-88	201
-98	168
-48	-17
131	82
151	169
-201	151
271	-120
79	61
99	-140
89	195
-154	283
-125	151
195	-175
11	0
-294	-234
225	210
-92	-137
-26	-262
-268	-236
-298	-171
-148	-287
97	-260
-137	240
13	18
-69	149
179	189
19	-155
-1	9
-247	71
218	-193
-93	-131
-271	176
-179	-154
165	76
162	-30
-25	42
294	215
-70	127
268	207
92	50
0	-156
169	256
206	171
49	-276
-159	-41
-128	133
215	101
286	265
230	-63
-116	261
-255	-8
-108	-35
-298	117
242	-197
138	-188
-15	8
-272	60
-226	248
-215	-283
-268	105
297	-110
81	-259
-135	-11
-244	299
-77	-178
222	-76
49	-35
-126	-50
-49	-237
3	39
-56	-35
71	136
244	-119
-158	80
-45	-205
255	-222
231	18
80	280
68	123
56	186
28	-14
165	276
280	-156
-40	-27
36	115
271	-56
38	-244
247	200
-21	178
-93	19
-85	-160
241	-74
-8	-282
28	-230
-69	-99
-46	141
263	-43
-154	205
-169	-176
-224	-283
237	-230
182	131
223	61
-55	171
-238	149
-243	-218


44	109	247	560
18	128	-91	380
6	77	268	340
148	-160	110	360
30	148	-114	300
11	-207	-132	340
77	-47	5	300
69	109	-81	500
19	-221	-23	360
106	-331	193	440
175	275	-217	460
43	247	-83	400
9	132	140	320
125	-173	27	580
143	-10	-200	480
112	-175	174	380
94	-279	-126	1900
20	-114	-159	420
130	-14	10	740
154	100	148	440
80	-227	124	360
37	-113	-196	320
16	164	-97	980
7	24	-61	900
132	-231	202	340
93	-303	-187	360
84	106	164	360
169	-62	-92	260
178	81	194	320
21	41	152	2680
158	-43	-136	360
53	154	81	580
145	135	-61	480
15	-163	-137	400
160	313	-82	420
96	-2	-155	340
116	171	-207	520
171	273	-61	960
137	-151	3	280
49	20	-177	320
97	-140	254	300
73	134	105	340
156	-174	-33	320
172	-183	199	380
74	325	-205	440
163	-25	183	360
149	37	-154	320
36	-11	-178	300
134	-219	150	420
113	234	254	940
138	-248	334	360
127	-168	127	420
100	321	135	360
86	-144	125	340
31	340	25	420
161	73	-202	340
168	-1	-193	360
45	-21	105	280
109	123	-88	440
51	367	243	420
27	-66	-137	360
83	0	-156	400
50	-124	37	360
5	104	-122	340
35	186	-48	440
29	269	-100	300
10	252	-65	380
91	-117	-92	400
123	205	-111	440
105	-90	-109	400
88	3	2	240
25	167	-15	300
173	-161	-159	480
119	-94	-48	360
107	-138	-139	580
26	-139	-54	400
1	-240	212	440
23	160	-34	340
32	173	-141	360
57	-144	90	340
98	44	-5	580
92	8	-196	800
131	-283	11	380
133	-183	-194	700
174	-163	-172	400
61	-314	-176	380
118	135	-213	420
48	163	-103	380
147	324	-85	360
95	-236	-256	400
122	395	190	380
85	-172	250	660
139	-78	-163	360
101	11	-191	400
135	389	-122	300
103	-202	-29	1240
90	383	211	440
58	345	-129	520
59	-113	-194	460
155	9	49	260
167	14	-198	380
60	-313	-253	400
76	-107	180	340
129	147	-144	340
166	362	-105	300
162	293	207	340
4	165	-107	360
22	-350	200	340
111	336	185	360
120	-166	132	320
115	-124	-114	800
13	-53	-193	2500
33	-295	246	360
146	82	197	380
78	-3	13	480
54	145	43	360
68	-20	176	340
117	279	192	460
126	-118	-112	460
164	-96	-20	360
108	183	60	320
142	0	0	340
82	156	43	340
28	-50	6	260
55	-129	23	400
67	59	152	580
124	-163	248	360
62	126	226	480
24	35	-127	560
56	297	-34	420
70	-93	-72	320
153	127	73	240
180	-141	-150	340
159	62	147	260
72	78	75	300
104	264	-182	300
38	-108	-142	1160
81	303	-91	440
52	-73	164	260
165	-100	-131	320
40	-220	17	400
2	164	96	1560
144	2	27	280
170	-60	124	280
66	-145	-223	360
121	344	115	600
128	-14	134	840
75	-119	123	380
41	178	24	420
71	-124	-139	360
64	-284	-129	460
14	232	-109	420
42	102	241	340
177	193	39	380
114	135	32	300
8	152	11	560
110	-77	-22	320
3	-308	-89	400
87	-189	-133	380
47	-231	168	360
89	-287	-173	400
179	-90	154	480
46	-139	-94	520
99	-79	139	400
151	271	36	380
102	-11	-21	460
141	88	-69	340
79	206	172	300
12	301	-89	340
140	318	-87	360
65	-222	-10	420
157	382	-85	480
136	22	-199	780
152	114	298	340
176	176	59	1060
150	228	-50	360
39	-381	34	520
34	30	269	320
17	172	188	380
63	-206	-236	360


86	1
15	2
152	1
62	1
23	1
55	1
150	1
88	1
75	1
145	2
98	1
67	1
154	1
66	1
16	1
78	1
3	1
39	1
28	1
21	1
136	1
7	1
35	1
158	1
89	1
45	2
167	1
20	1
113	1
92	2
96	2
165	1
121	2
34	1
174	1
131	1
164	1
30	1
31	1
133	2
65	1
76	2
159	1
111	1
151	2
146	1
91	1
142	2
73	1
77	1
127	1
125	1
61	1
169	1
84	1
6	1
87	1
168	1
26	2
14	1
103	2
114	1
41	1
60	1
171	2
59	1
178	1
148	1
166	1
71	1
80	2
54	1
33	1
25	2
9	2
119	1
52	1
160	2
64	1
95	1
117	1
79	1
36	2
110	1
2	1
90	1
74	2
18	1
153	1
49	1
107	1
12	1
51	1
70	1
1	1
37	1
17	1
81	1
22	1
5	1
101	1
118	1
46	1
48	1
175	2
42	2
53	2
177	1
32	2
173	1
11	1
8	1
156	1
112	1
4	2
122	1
85	1
139	1
123	1
129	1
170	2
40	1
130	1
138	1
144	1
106	2
176	1
147	2
19	1
10	1
143	1
104	1
128	1
72	1
105	1
82	2
100	1
162	1
149	1
115	1
94	1
13	1
50	2
99	1
134	1
180	1
172	2
108	1
38	1
63	1


86	-146	103	940
152	102	291	880
62	103	248	800
23	47	-117	700
55	-4	29	480
150	344	141	800
88	0	0	280
75	-47	140	840
98	25	36	440
67	40	291	580
154	94	231	560
66	-164	-177	680
16	129	-82	1060
78	64	94	2500
3	-196	-153	620
39	-329	31	660
28	-46	47	560
21	97	-142	780
136	19	-219	580
7	84	-159	1740
35	274	-50	760
158	-41	-56	480
89	-372	-217	920
167	12	-212	620
20	141	113	900
113	332	188	720
165	-96	-112	560
34	10	276	880
174	-138	119	1840
131	-387	51	680
164	-100	27	560
30	-153	-130	540
31	362	15	560
65	-210	-58	640
159	59	134	720
111	324	142	680
146	78	123	740
91	-115	-89	480
73	159	125	560
77	-63	-33	540
127	-155	31	520
125	-237	15	500
61	-354	-238	620
169	-95	-71	560
84	143	118	380
6	75	242	520
87	155	174	700
168	2	-253	1140
14	275	-63	800
114	162	27	660
41	152	19	660
60	-316	147	800
59	-161	-225	640
178	-95	189	640
148	179	117	520
166	332	-80	1320
71	-139	-93	680
54	157	37	500
33	-344	220	600
119	148	74	1880
52	-70	129	880
64	-337	-135	660
95	-150	-258	680
117	272	162	640
79	147	174	700
110	-108	191	740
2	138	97	700
90	371	201	700
18	151	-142	500
153	153	104	660
49	17	-240	480
107	-120	-212	660
12	321	-116	460
51	336	203	640
70	-136	-109	680
1	-240	236	620
37	-125	-187	540
17	218	241	640
81	302	-96	600
22	-313	155	640
5	144	-180	540
101	3	-165	520
118	80	-283	700
46	-138	-105	740
48	138	-94	640
177	174	39	640
173	-165	-140	680
11	-201	-129	620
8	144	11	940
156	-221	-47	820
112	-124	136	500
122	309	163	700
85	-182	238	2380
139	-67	-99	480
123	186	-92	660
129	153	-123	720
40	-232	-36	620
130	0	0	320
138	-258	268	600
144	3	109	720
176	304	-78	1020
19	-228	-94	1660
10	169	-94	600
143	-13	-207	920
104	309	-145	680
128	-66	180	600
72	51	100	580
105	-90	-110	460
100	357	135	660
162	335	139	640
149	19	-175	480
115	145	-101	460
94	-395	-128	500
13	-51	-140	620
99	-78	155	1500
134	-260	139	600
180	-148	-158	520
108	162	76	660
38	-88	6	440
63	-256	-212	620


89	-309	-194	1080
93	-283	-177	540
152	126	299	340
12	367	-100	520
54	171	47	520
34	76	276	520
133	-180	-150	560
39	-333	49	380
168	5	-226	460
167	0	-257	440
64	-300	-136	420
83	-136	-139	980
107	-120	-131	360
160	354	-86	460
171	356	-126	480
8	164	36	500
132	-261	222	1240
81	330	-92	400
4	146	-93	400
90	405	235	420
86	-154	-111	1180
36	5	-189	440
62	14	244	580
141	107	-121	380
1	-249	243	380
92	28	-229	500
142	92	-34	360
177	173	36	360
134	-281	157	400
25	166	23	320
10	152	-111	400
69	90	-102	480
118	123	-240	400
19	-269	-72	380
41	160	25	300
161	127	-201	440
77	-106	-29	280
124	-153	282	380
140	361	-78	360
170	-80	172	400
122	386	193	460
163	-11	181	360
32	172	-169	320
44	156	253	860
53	155	29	1480
112	-153	179	420
174	-134	158	640
108	211	29	460
60	-290	-169	3660
91	-123	-107	420
68	134	-165	700
47	-312	176	420
3	-242	-133	340
144	-6	128	940
102	194	222	1020
98	59	5	300
173	-141	-136	860
78	147	145	1240
5	-245	91	1140
35	246	-64	280
45	-26	110	360
169	-93	-64	280
109	188	109	640
7	120	-102	520
131	-318	-14	2060
114	157	34	320
116	156	138	980
149	11	-237	560
117	332	171	440
127	-158	65	640
130	4	45	460
162	363	183	360
57	-164	95	380
151	352	84	420
43	229	-84	420
71	-129	-124	440
84	167	144	520
88	0	0	320
87	263	231	1200
16	218	-176	720
178	-112	217	540
52	-122	196	480
135	396	-91	400
103	-129	128	440
15	5	-201	900
70	-138	-114	380
30	-257	-111	560
6	84	277	340
155	133	-139	1200
85	252	239	960
115	-234	249	440
74	415	-263	720
166	371	-104	460
26	243	-111	560
22	-356	210	420
126	-104	-114	2160
101	-6	-145	380
40	-241	37	400
24	13	-219	560
96	-115	-215	2060
146	61	175	720
75	-119	194	420
165	-138	-121	400
158	1	-115	380
179	-208	226	840
37	-141	-194	500
14	269	-83	320
66	-233	-193	460
51	371	237	400
176	328	-145	380
148	-196	105	340
11	-216	-178	400
97	-134	217	480
72	109	103	360
164	-136	-93	420
13	-73	-209	340
147	250	-107	400
136	-15	-262	340
33	-290	230	340
50	-137	9	460
157	-80	-106	620
61	-333	-212	340
113	258	238	480
28	-52	64	260
150	223	-101	480
154	139	221	380
145	175	-121	420
79	172	218	320
27	-112	-159	620
120	-141	108	460
80	-203	107	340
129	179	-139	340
38	-173	120	340
23	127	-93	460
100	299	133	280
9	135	202	700
159	46	164	320
94	-330	-86	380
48	177	-118	360
106	-187	138	520
55	-48	-160	460
143	2	-192	400
17	189	247	340
63	-272	-250	360
156	-233	-110	380
138	-257	279	420
111	366	226	380
76	-138	180	360
65	-232	-76	660
121	356	131	500
110	-89	181	420
46	-134	-130	380
20	166	110	280
123	312	-95	400
73	152	152	360
2	149	100	380
104	275	-128	420
153	171	119	260
29	177	-189	440
31	392	10	420
58	382	-148	1340
139	-97	-144	300
56	284	-73	420
125	-237	29	700
128	11	80	440
172	-321	163	340
105	-126	-108	400
137	-117	-196	1380
95	-187	-286	480
21	-123	-187	540
119	-124	-102	300
18	163	-110	260
59	-156	-243	320
175	343	-174	340
49	18	-243	940
99	-61	144	280
82	148	75	300
67	80	256	940
180	10	-248	400
42	99	227	300
