

137	-125
-260	61
170	-296
-265	18
-227	13
220	29
243	255
-237	-89
-82	-35
234	-112
115	61
-164	160
-195	83
44	104
-190	-193
-27	-215
126	200
-269	59
255	-166
-74	-42
251	225
144	-10
-298	204
-16	146
-220	-220
-122	-161
-76	-138
79	117
-152	189
209	-99
54	-270
-270	90
-228	18
-254	273
61	117
116	-63
-39	-110
-223	173
290	93
-254	135
47	242
254	-178
140	-282
-91	176
-108	33
132	-131
-3	248
42	-150
60	-58
-232	-2
219	18
129	279
-60	241
-81	160
-3	8
210	150
-44	-226
-227	-241
-205	97
-198	278
294	-31
-111	90
143	-222
138	-244
-202	-124
105	-220
-79	63
21	12
-42	252
-148	-295
-127	-39
30	-112
-112	122
215	-261
-223	10
-11	15
-292	126
279	-176
132	149
68	-145
-165	146
-155	221
156	20
141	27
-202	282
-111	24
286	82
-201	-103
93	161
27	149
-80	-164
-218	265
-248	-231
-298	-45
-103	142
136	-168
206	197
-65	-260
84	236
-98	-52
-300	23
-76	-103
-167	262
-37	-2
239	199
263	-61
282	-71
-76	-239
-57	90
15	-70
-21	-48
-190	-10
-4	185
84	-162
95	-252
187	-107
83	194
144	-87
104	-137
-28	-18
239	204
-298	102
207	-81
-49	72
197	82
96	50
-28	-259
127	209
50	-234
-203	68
166	-56
-254	45
284	32
-200	9
15	272
250	-212
-290	228
-118	-49
97	-8
152	228
228	21
-41	-169
-137	-57
36	-6
293	-229
234	-236
12	120
125	-1
-141	-92
29	-53
-239	-57
-146	-48
24	-218
-102	236
140	168
111	-102
55	-217
-76	-111
-207	131
-164	-131
248	-136
287	229
-250	-166
-73	-295
260	-127
-257	51
134	189
-39	235
283	-238
216	35
231	74
37	-26
232	-54
-194	70
-218	46
-31	277
42	-297
38	1
41	106
-82	-259


164	-124	-261	780
16	-90	-126	620
113	-200	96	620
176	-70	210	420
15	-215	-52	700
101	-279	103	900
97	148	164	700
107	337	-1	440
86	-200	105	540
28	-147	-84	920
159	-262	148	440
1	138	-87	500
137	-311	175	540
114	77	-157	420
171	218	94	540
99	58	257	500
140	130	130	1040
138	-189	95	680
2	-253	84	440
5	-130	-35	500
144	67	-36	600
112	-289	-19	500
163	-128	-114	600
149	-116	-79	1760
54	-200	112	1740
91	-126	-209	560
131	78	-105	440
24	-97	-48	780
136	311	-196	560
59	-194	90	480
74	333	-239	640
23	-290	204	480
35	-135	110	860
87	175	102	1340
20	-154	73	680
125	-155	-68	2040
106	164	-32	540
43	121	-168	540
41	39	176	580
139	94	3	500
6	296	8	440
4	-175	59	740
76	-62	20	940
58	-284	-217	520
62	-118	29	600
56	-169	-42	1100
130	194	54	2180
30	179	-104	720
7	98	-159	1020
10	178	-89	2880
174	-177	51	900
42	344	-175	640
178	63	-1	520
52	131	100	1980
64	118	-70	1320
18	-198	100	1780
134	-209	33	1480
75	191	-76	2060
124	191	113	660
162	387	207	500
85	-224	205	840
102	-108	-86	620
80	41	-100	600
150	1	-42	1300
55	-1	1	300
73	-118	110	520
68	0	0	440
3	181	-283	1100
153	27	-216	680
96	-166	-187	2060
168	-3	137	2460
21	-80	-93	2280
9	-88	-61	440
121	328	113	1440
165	241	-181	820
84	205	2	640
92	-239	216	600
170	-174	133	1380
111	-46	-90	400
49	137	-96	740
90	44	140	480
22	159	-9	1060
127	3	-196	560
29	-185	126	700
180	-133	-197	1240
69	-85	156	1520
37	194	40	1020
47	-1	222	560
81	266	48	2620
66	132	-88	1020
122	-1	-156	1020
8	-186	-91	720
78	323	-192	760
60	-206	190	700
133	324	5	640
126	122	68	2700
95	-116	109	1560
63	112	-82	680
156	134	-80	620
11	12	-6	980
100	-102	-65	520
67	-117	32	640
71	-106	-18	640
103	-175	46	660
79	270	134	820
61	288	2	620
32	-283	14	660
98	-162	-86	1140
13	-200	108	520
119	-193	30	1960
17	194	134	540
147	2	105	600
39	364	94	740
27	-131	-149	560
109	-109	44	800
50	-220	-83	720
25	-265	-190	560
118	153	-91	940
72	42	-102	780
155	233	95	620
151	-215	-92	1060
88	-232	-114	420
158	-144	-6	1180
120	-64	-61	700
31	76	-205	560
93	-279	-243	580
167	183	166	1480
116	158	-95	1180
175	291	77	920
123	154	-88	660
70	-160	-247	860
152	-147	-66	460
57	-145	-201	560
83	153	-167	980
157	73	-183	620
132	-270	41	700
172	60	-107	1300
77	-301	121	440
169	336	-226	820
45	-274	14	1200
53	-65	210	480
51	201	-4	880
173	271	7	720
34	-270	110	540
33	-244	9	600
128	-170	-150	800
117	-14	181	660
179	-146	48	880
89	139	103	520
154	-122	139	1060
19	175	-238	960
94	-287	-80	700
36	128	-113	640
26	-159	18	800
12	-142	125	600
105	96	79	800
146	222	-193	620
44	-101	109	580
65	-116	-74	500
177	44	-180	600
38	-201	-185	720
135	3	151	660
143	148	-47	1780
160	-131	-112	500
40	-275	70	680
141	257	46	640
104	-11	6	300
145	296	-209	720
14	-164	-72	640
108	-123	-268	420
46	112	-189	440
148	-105	99	700
161	343	-160	580
166	-186	53	780
82	-126	192	560
115	91	-114	1080
48	92	-173	560
142	167	-120	1560
129	-161	-114	480
110	-79	-107	500


116	1
26	1
108	1
3	1
85	1
47	1
29	1
134	1
81	1
149	1
59	1
78	2
51	2
161	1
24	1
137	2
30	1
157	1
76	1
173	1
145	1
80	1
25	2
159	1
86	1
177	1
151	1
77	1
135	1
131	1
49	1
11	1
165	1
119	1
102	1
58	1
93	1
70	1
18	1
152	1
21	1
133	1
45	1
112	1
130	1
123	1
106	2
4	1
169	1
167	2
175	1
75	1
132	1
171	1
117	2
37	1
98	2
7	1
174	1
67	1
72	1
52	2
179	1
94	1
126	1
20	1
176	1
166	1
66	1
36	1
138	1
124	1
68	1
40	2
50	2
104	2
103	1
120	1
95	2
60	1
71	1
41	1
162	1
28	2
105	1
35	1
158	1
100	1
63	1
154	1
90	1
142	2
44	1
65	1
153	1
2	2
16	1
155	2
32	1
62	1
13	1
57	1
164	1
79	2
97	1
89	2
12	1
139	1
136	2
55	1
160	1
109	1
170	1
34	1
121	2
122	1
114	1
27	1
69	1
128	2
163	1
84	1
129	1
115	1
143	1
92	1
168	1
146	1
144	2
107	2
101	1
61	1
150	1
88	1
6	1
87	1
110	1
42	1
118	2
147	2
99	2
5	2
141	1
127	1
91	1
96	1
38	2
113	1
43	1
22	2


116	-163	95	1180
26	-140	-69	600
108	-122	-183	700
3	141	85	1020
85	122	178	1840
47	3	184	620
29	-154	171	920
134	-120	-187	1020
81	340	22	800
149	-89	-141	1780
59	-238	104	500
161	366	-82	1000
24	-54	139	1140
30	265	-4	1100
157	85	-111	600
76	-59	-23	460
173	322	2	520
145	329	-147	800
80	145	-39	860
159	-178	60	500
86	-199	62	480
177	60	-199	580
151	219	75	580
77	-305	116	660
135	2	197	660
131	60	-53	500
49	255	-76	640
11	0	0	340
165	330	-142	540
119	-139	77	460
102	-78	-122	600
58	-322	-227	640
93	-313	-246	680
70	-160	-273	580
18	169	-132	580
152	-128	-90	500
21	240	-72	800
133	331	-8	580
45	-200	-68	480
112	-243	-44	660
130	-165	104	540
123	197	-200	500
4	-209	97	500
169	374	-222	560
175	254	-194	500
75	209	-67	540
132	-212	91	520
171	240	103	560
37	257	52	500
7	101	-237	640
174	-166	84	460
67	-120	49	440
72	58	-118	440
179	-117	-118	600
94	-294	-115	560
126	166	79	640
20	-146	73	460
176	-98	215	580
166	-56	164	680
66	-76	-164	460
36	116	-108	440
138	-223	113	420
124	-159	92	420
68	-38	-2	380
103	-194	80	560
120	-82	-89	440
60	-283	213	640
71	164	-63	780
41	53	216	600
162	389	242	740
105	-44	105	1660
35	-170	-120	720
158	-186	43	740
100	-173	-86	440
63	96	-103	540
154	-120	186	480
90	55	148	500
44	-126	95	460
65	138	-135	600
153	42	-209	560
16	-60	-146	580
32	-300	-10	560
62	223	-47	940
13	-219	106	480
57	-45	-206	480
164	-149	-252	480
97	-110	113	480
12	-169	102	640
139	107	24	540
55	0	0	260
160	-109	-123	1120
109	-133	120	460
170	-176	113	700
34	-313	163	800
122	108	-145	440
114	42	-156	500
27	-138	-77	520
69	-83	174	460
163	-38	-37	440
84	195	24	540
129	134	-201	540
115	99	-223	520
143	242	0	660
92	-286	142	460
168	-23	202	460
146	270	-198	580
101	-146	109	500
61	309	12	560
150	280	121	520
88	-243	-153	660
6	219	16	480
87	-210	100	480
110	-86	-142	440
42	387	-204	640
141	-70	-16	560
127	76	-209	1640
91	-132	-180	660
96	122	-151	660
113	65	-141	1000
43	118	-207	560


26	-163	-68	1300
97	-132	128	640
74	20	-152	1920
79	276	78	960
69	-97	178	860
162	341	186	860
24	-73	108	1040
154	-111	163	820
145	364	-201	740
62	185	-94	760
46	90	-205	660
134	-141	91	1060
104	-65	13	500
120	-79	-103	700
113	111	-106	760
9	-99	-78	900
1	146	-119	1020
178	84	-62	700
31	78	-131	960
12	-190	137	660
84	202	31	540
125	-170	28	640
101	-200	115	940
80	277	55	760
168	-15	187	900
28	-23	-165	1680
172	-208	-160	980
23	-228	103	880
100	-156	-98	720
48	140	-169	700
116	-255	-57	2020
140	253	-23	700
136	222	-176	880
22	185	3	780
20	-219	61	680
155	205	113	860
19	137	-180	780
176	-142	208	700
111	-141	-98	720
153	27	-172	640
40	-259	98	1080
39	331	88	720
95	-138	106	940
10	-74	-185	860
147	11	115	1660
137	-284	200	860
166	-21	163	780
43	171	-214	640
5	364	-197	740
156	153	-168	1180
152	-157	-122	700
73	-200	98	940
144	80	-115	860
85	-230	227	1100
86	-191	79	780
81	380	28	680
117	-6	197	740
151	-218	14	700
67	-128	77	600
102	-152	-117	880
72	105	-137	600
131	-70	-91	640
160	-154	-143	640
122	85	-132	680
90	57	100	980
83	161	-10	720
42	381	-176	820
21	-222	85	1480
158	-225	-63	740
76	-68	60	1020
61	324	7	800
121	139	77	600
34	-309	189	800
41	60	183	660
138	-200	112	600
118	147	-74	800
110	-125	-135	820
51	293	72	1480
18	-238	-44	820
165	326	-119	820
36	111	-89	920
49	223	-56	800
60	-198	206	860
159	213	146	1120
3	-172	79	2100
45	-255	8	740
164	-70	-222	740
70	-157	-239	620
29	-193	152	680
130	309	84	1160
25	-295	-230	660
38	-110	103	660
157	-58	93	700
128	-19	-9	500
105	77	-74	600
53	-177	172	720
169	361	-209	720
173	343	27	680
17	123	138	1060
133	313	22	740
56	-276	85	680
170	-194	190	880
179	-114	-166	560
107	355	27	580
75	175	60	900
13	-207	119	580
139	115	9	660
161	304	-136	1220
14	153	-153	1300
66	-137	-143	640
15	208	-16	1180
55	-15	9	540
112	-287	-7	1360
30	194	-80	960
141	-188	110	980
109	-152	129	940
59	-232	109	880
175	-117	-123	680
146	257	-181	620
33	-315	-1	700
64	338	-74	1380
47	-13	182	780
58	-308	-202	780
11	-46	6	480
91	-139	-248	640
35	-157	157	640
126	168	111	920
8	-221	-63	1140
94	-308	-150	760
124	-191	140	1020
142	-228	121	760
50	163	66	1060
88	-260	-152	580
57	-112	-168	620
143	255	-34	1800
177	-121	96	720
135	-2	196	920
63	135	-85	640
127	87	-169	1500
68	-26	-9	540
82	-144	160	540
52	206	118	860
108	-122	-247	760
114	63	-184	820
37	-240	79	1540
89	134	82	1060
32	-316	-14	760
115	24	-168	1780
27	-118	-91	700
96	-58	114	820
180	-196	110	1540
150	376	182	660
77	-314	167	640
106	-262	87	900
44	-108	102	820
163	-29	-8	680
98	-301	-208	980
78	187	-196	860
99	60	172	820
2	-263	90	920
123	160	-117	860
87	122	109	1060
6	195	47	720
7	-154	-138	1060
71	-174	56	620
148	-97	113	860
174	-190	100	740
167	318	-12	1560
132	-231	94	660
65	-107	103	640
4	204	-170	1480
16	-8	190	700
129	-147	-198	960
93	-284	-216	700
54	-252	-24	1480
92	-269	139	1020
103	-181	115	760
171	269	132	820
119	2	192	700
149	-86	-135	820
