

169	5	1
145	19	1
176	26	1
26	31	1
171	41	1
172	42	1
77	46	1
168	51	1
55	54	1
109	56	1
68	61	1
23	63	1
143	73	1
174	78	1
56	82	1
155	97	1
13	97	1
10	102	1
164	112	1
52	114	1
157	125	1
69	133	1
163	165	1
119	196	1
134	214	1
80	231	1
128	287	1
5	326	1
22	387	1
147	577	1
114	14	1
91	16	1
101	27	1
12	34	1
152	40	1
32	43	1
96	48	1
31	50	1
138	52	1
70	56	1
100	61	1
67	64	1
25	69	1
49	78	1
43	87	1
86	95	1
106	98	1
11	105	1
27	111	1
76	119	1
118	122	1
122	130	1
59	142	1
135	197	1
137	206	1
177	220	1
58	267	1
151	349	1
40	445	1
60	522	1
99	11	1
97	16	1
115	29	1
82	32	1
14	39	1
75	42	1
107	46	1
18	51	1
8	55	1
132	57	1
61	62	1
48	64	1
35	71	1
92	77	1
148	86	1
129	88	1
140	97	1
133	109	1
154	110	1
142	121	1
3	126	1
153	134	1
146	151	1
173	185	1
103	213	1
85	244	1
17	277	1
121	347	1
170	400	1
19	456	1
179	12	1
116	17	1
64	24	1
136	30	1
131	37	1
89	43	1
2	46	1
63	49	1
87	52	1
45	56	1
9	61	1
167	64	1
149	72	1
110	77	1
16	86	1
4	91	1
44	97	1
90	101	1
130	114	1
156	116	1
42	125	1
74	142	1
160	161	1
117	181	1
166	213	1
127	260	1
24	285	1
20	343	1
144	425	1
54	519	1
30	6	2
33	19	2
72	20	2
165	32	2
6	41	2
28	44	2
108	47	2
123	49	2
81	55	2
41	58	2
120	62	2
47	63	2
98	73	2
84	79	2
46	83	2
29	93	2
93	98	2
37	101	2
50	112	2
175	120	2
125	125	2
102	126	2
1	163	2
38	198	2
66	216	2
79	234	2
112	262	2
83	294	2
94	425	2
21	528	2
162	14	3
88	20	3
105	25	3
124	34	3
15	40	3
65	42	3
104	46	3
78	50	3
139	52	3
126	56	3
34	62	3
113	67	3
161	67	3
111	78	3
158	79	3
95	94	3
62	100	3
39	103	3
53	111	3
7	122	3
51	123	3
36	129	3
73	164	3
57	190	3
180	210	3
71	232	3
159	283	3
150	326	3
178	381	3
141	458	3
