

-11	198
244	277
-262	35
-5	267
140	-115
205	-238
-64	-181
-285	269
67	-204
-206	239
-65	231
0	-110
118	-212
-156	223
179	242
-274	-44
38	-268
23	-248
-81	96
121	227
5	-72
285	-91
-239	59
28	58
91	145
79	-253
95	125
-35	-290
12	-71
200	-297
5	-200
-1	86
290	66
-162	-30
-234	17
193	125
-127	109
-75	-201
203	-128
111	221
-4	-19
-130	-60
217	156
229	-36
103	95
215	188
-174	27
-152	-7
136	80
140	-205
-274	1
203	182
86	198
-59	50
230	113
240	-146
5	-47
203	267
57	154
222	189
17	-135
-167	-139
-168	43
-69	252
300	17
217	-181
-277	-104
-238	-173
42	-95
-78	-75
-233	-23
-41	273
-122	40
90	171
278	-203
-64	206
237	114
256	42
-188	46
-236	56
-85	293
-260	-295
259	-69
158	-7
65	95
231	15
13	-272
80	300
127	-227
-12	215
-26	43
214	289
-113	-75
223	-189
300	-214
-227	13
-4	239
-242	-67
-148	247
185	-99
164	-74
-242	-209
-234	167
-19	-129
-195	-135
177	142
-162	-295
-30	-77
-281	167
137	-119
176	-241
222	-231
-221	-68
276	89
251	-117
-244	-177
-106	153
-53	-143
1	272
-200	201
266	-6
-222	-289
-27	-276
259	-107
-135	-29
20	158
94	127
-188	-186
241	147
204	-297
-104	-180
295	32
90	-9
199	-242
-199	243
-110	275
269	159
157	-50
175	-23
165	-254
268	-80
289	108
-22	-115
124	154
22	-172
56	128
49	181
-165	150
-232	-257
225	143
113	262
-286	-48
215	172
51	21
-275	289
156	-18
247	272
-58	-121
-151	193
12	-212
-128	-231
279	-223
-212	199
88	-244
265	67
-274	285
162	-149
-169	61
14	-140
-149	254
-154	38
-170	124
-162	110
-190	-69
45	267
102	287
191	131
-77	207
-156	176
-299	59


176	3	248	880
132	314	109	780
20	201	288	620
167	101	-57	1640
159	-199	-130	1360
44	244	29	920
19	-135	34	640
51	-148	-197	3360
141	194	9	480
92	159	254	1300
145	3	-195	520
7	-110	-176	520
109	-244	-15	560
119	6	264	880
43	206	148	720
15	173	210	3380
48	-211	-4	640
82	-191	-306	680
118	-147	86	1720
65	239	4	1040
112	262	-220	600
161	-116	-206	700
52	259	124	620
172	-278	154	580
63	-140	8	880
100	236	-136	1100
108	3	-76	840
38	-59	-291	720
101	162	17	1600
55	207	174	1000
11	-181	266	640
46	268	181	1780
27	4	94	1400
103	-299	228	2860
10	-349	273	1340
91	-110	-13	780
169	12	-138	860
24	99	118	1960
104	-18	-138	860
67	-277	-54	1460
102	-222	-218	1440
166	-225	194	1760
8	-212	255	1460
114	342	159	1420
177	292	48	800
140	-125	-225	1920
2	253	299	520
138	198	24	420
49	172	-56	2400
61	-152	-68	1180
105	-154	-9	1880
121	250	88	640
73	-224	-48	2520
165	359	105	1260
135	-177	282	920
142	281	184	2720
39	143	-207	2600
78	259	23	920
21	-133	-96	1940
62	-214	-105	1380
126	5	123	1700
50	134	-248	1060
107	-201	19	1780
64	-28	293	940
146	42	238	3260
113	-155	-241	1660
36	244	76	1300
79	-214	-43	1440
95	312	-228	820
124	275	-204	820
26	187	-271	1180
16	-278	2	2020
77	331	174	760
158	8	-167	1580
25	122	180	620
22	394	-98	2940
128	-276	-62	2020
29	3	20	340
84	206	-62	680
34	-201	-15	960
6	137	107	2620
56	290	-274	1940
174	-313	251	1260
81	-73	298	800
47	-225	2	880
9	71	-308	560
157	312	286	2800
80	90	-294	4760
30	-146	8	2280
86	295	-26	860
152	-248	-110	1420
31	-80	-299	520
68	-158	-155	1180
28	-34	-287	740
106	188	84	1040
148	-225	98	740
99	-171	281	880
5	123	-209	1340
98	273	285	1100
40	-195	-269	2400
85	75	60	2220
144	145	224	480
59	129	172	1040
90	-2	276	840
116	-222	-239	1080
33	293	-266	1020
130	260	-287	1760
17	5	-309	720
69	150	-218	1000
122	-121	-310	1680
111	200	145	1160
110	130	-134	700
120	-205	264	1260
1	24	280	700
156	-98	22	2440
178	-94	286	720
94	116	-10	680
71	-299	4	720
76	-62	224	780
125	-183	16	620
23	-206	-9	700
97	8	239	880
131	-224	-182	760
42	-161	-23	720
57	1	-21	420
162	299	-301	580
93	-112	-81	1460
37	-155	138	1400
149	-190	-164	2000
137	284	125	640
147	129	261	2200
129	292	220	680
180	-146	34	1880
54	-79	45	1080
175	5	292	920
72	0	293	820
96	-237	-220	1980
66	122	-241	740
160	2	-296	1220
150	-133	-71	2760
89	-189	-16	840
83	353	-10	1840
88	7	300	920
117	-110	195	980
170	-66	116	5080
4	4	225	1160
70	4	10	460
45	122	120	1980
32	-42	85	3100
53	162	190	1020
12	3	-106	1600
179	-72	165	640
14	-214	129	5120
13	101	-186	2220
3	-267	-12	1580
87	-22	-231	1060
41	7	-26	840
123	-5	-232	1240
136	-65	225	660
58	173	310	1580
154	-1	-9	420
18	-142	16	4620
75	220	-240	1140
133	41	58	780
127	0	0	1540
155	-222	277	660
171	-200	-8	740
164	123	-234	900
163	-254	123	1800
60	251	160	4320
143	-34	-297	1280
35	-166	74	1220
151	134	277	1380
115	-381	78	1780
74	-124	-85	1680
168	-169	57	740
153	192	37	1340
139	152	55	2200
173	226	36	1460
134	292	-271	980


104	1
4	1
33	1
169	1
38	1
29	1
11	2
140	1
14	1
131	1
46	1
13	1
55	1
71	2
150	1
34	1
126	1
63	1
51	1
156	1
15	1
175	2
107	2
99	2
86	2
35	1
148	1
59	2
12	1
69	1
176	2
41	1
21	1
121	1
161	1
32	1
53	1
97	2
42	1
17	1
22	1
75	1
103	2
133	1
149	1
24	1
67	1
16	1
95	1
61	2
114	1
88	1
36	1
179	1
163	1
23	1
94	1
147	1
45	1
98	1
84	1
89	1
93	1
142	1
155	1
30	2
134	1
108	1
136	1
90	1
2	1
116	2
47	1
91	1
105	1
7	1
77	1
170	1
138	2
81	1
48	2
10	1
118	1
130	1
27	2
164	2
26	1
74	1
79	1
57	2
19	2
54	1
102	2
37	1
101	1
73	1
106	2
180	1
52	1
72	1
174	1
117	2
28	1
165	1
76	1
153	2
146	1
111	1
49	1
1	1
168	2
158	1
122	1
160	1
115	1
44	1
127	1
96	2
141	2
139	1
25	1
177	1
110	1
125	1
120	1
171	1
159	1
162	1
70	1
58	1
123	2
60	1
50	1
80	1
82	1
85	1
152	1
65	1
20	2
39	1
100	1
166	1
64	1
172	1
173	2
151	1
128	1
144	1
83	2
109	1


104	-211	-157	3720
4	-3	219	1520
33	242	-201	1760
169	24	-106	1520
38	-79	-189	1500
29	37	51	1640
140	294	26	2240
14	-198	260	2000
131	-221	-187	1200
46	270	174	1400
13	95	271	1600
55	-182	-206	1620
150	262	217	1020
34	-176	-1	1920
126	-4	106	1600
63	-151	-6	940
51	-279	25	1720
156	-299	70	3640
15	148	203	1860
35	175	-245	1680
148	-174	97	760
12	2	-139	1840
69	150	-108	2260
41	6	-21	1100
21	-78	-14	2400
121	263	51	2520
161	-126	-222	1260
32	205	-201	3480
53	-114	-242	1720
42	-150	-9	900
17	59	-299	860
22	357	19	2300
75	136	-180	3680
133	46	41	1120
149	-250	-211	1280
24	114	134	2740
67	-314	32	2260
16	-290	37	1460
95	311	-238	820
114	322	77	920
88	10	296	1200
36	181	234	1200
179	-74	145	940
163	-275	163	1140
23	-279	27	740
94	133	-264	1300
147	213	258	1380
45	95	104	1780
98	262	280	1140
84	170	-103	1140
89	-102	139	2220
93	-99	-78	1080
142	363	149	1800
155	-284	282	1100
134	283	-232	1100
108	-41	-145	2500
136	-87	178	920
90	19	263	2360
2	241	289	980
47	-265	1	980
91	-104	30	1940
105	-157	170	1860
7	-111	-184	840
77	317	137	1600
170	104	252	1760
81	-62	275	740
10	-283	265	740
118	113	278	1900
130	285	-263	1120
26	102	-289	2800
74	-208	-177	2560
79	-237	7	920
54	-91	-140	820
37	-259	96	1080
101	182	1	720
73	147	-116	1820
180	83	275	1300
52	-241	-204	2460
72	11	296	1180
174	-266	197	860
28	-92	-301	1340
165	322	89	1660
76	-63	233	1280
146	2	139	1200
111	239	-275	1620
49	115	-117	1600
1	-100	177	2100
158	0	-175	1620
122	53	44	1980
160	3	-307	1940
115	-191	-183	2740
44	252	40	1180
127	-315	-109	2140
139	125	40	780
25	109	206	1440
177	304	35	800
110	110	-173	1440
125	151	273	1940
120	-198	282	1860
171	-221	2	920
159	355	20	1360
162	301	-242	900
70	3	-49	1060
58	235	290	1200
60	183	10	3260
50	323	-207	1080
80	128	228	1600
82	-260	-305	1360
85	275	5	1380
152	-208	71	1380
65	248	0	1260
39	347	-98	3000
100	256	-177	1820
166	-238	138	3180
64	-39	289	1420
172	-296	207	860
151	116	285	1800
128	-220	-147	1560
144	165	188	1960
109	-195	-59	1160


131	-166	-120	1120
168	-170	87	560
151	119	264	1380
177	323	113	880
174	-287	219	1020
1	-45	236	1300
64	-55	295	1320
75	325	-205	3240
146	33	192	1260
94	71	205	1300
90	17	295	980
92	163	265	2640
172	-333	188	520
7	-92	-126	1300
163	-294	227	1380
147	209	220	880
106	-234	124	2940
58	191	310	1360
100	246	-179	1000
32	167	-221	5080
125	149	258	620
76	-71	294	680
126	35	215	1760
61	-97	-246	2360
55	-277	-171	1120
128	-217	-166	700
80	154	250	1760
121	326	151	1340
34	-227	21	2700
180	116	281	940
103	-203	123	1880
82	-286	-311	1100
165	293	155	1080
56	269	-285	1460
14	193	-275	1960
28	-115	-303	740
72	15	300	620
18	-264	2	4120
69	158	-175	640
88	-54	296	980
10	-344	301	700
144	125	198	740
3	-264	1	900
164	95	-228	720
111	-230	-223	7100
81	-78	295	820
179	-72	192	660
52	-228	-228	1580
148	-212	176	500
122	109	-145	3080
137	285	-37	3000
17	-4	-311	900
73	-162	-137	2240
170	-205	48	1580
102	-292	-206	880
113	-199	-1	1920
44	246	17	840
132	359	102	1480
27	2	149	700
162	303	-267	1300
160	14	-298	920
169	20	-101	2760
143	-276	15	1320
22	366	-91	800
116	-232	-186	3160
91	-96	-96	600
117	-106	171	1120
50	327	-240	1000
39	154	-82	1020
66	149	-263	980
31	-6	-294	1300
175	-1	293	1240
8	-203	273	1360
98	248	292	880
145	8	-301	840
118	-198	-39	1720
107	243	79	1500
65	261	0	1080
41	-2	-23	780
89	-142	-120	1920
99	-201	295	720
112	321	-221	940
114	336	141	780
38	-54	-244	1940
68	-208	-155	640
87	-1	-249	1560
157	-73	-1	2880
166	-251	293	840
152	-245	-154	2000
124	-197	-27	1380
19	-125	25	1640
96	-382	21	3120
161	-116	-203	960
20	216	-97	3180
9	106	-253	1160
60	-128	35	2160
54	-100	10	1500
5	114	-207	1620
140	151	243	2400
26	149	-299	1220
13	76	273	3920
70	2	-20	900
2	240	292	1180
110	126	-149	1660
57	-1	-3	1060
176	1	272	1040
119	1	308	960
67	117	-278	660
134	229	-282	460
127	-245	114	3100
158	-5	-241	460
85	251	95	1220
21	-57	-35	1700
35	216	-283	1420
48	-281	109	1200
59	103	145	640
156	-111	6	2920
123	4	-287	840
149	-208	-168	1700
47	-327	10	1260
29	91	60	2600
4	8	227	660
53	122	-137	3060
95	346	-279	720
46	318	173	1000
40	258	-300	3720
155	-341	284	600
62	-162	-267	2660
93	-97	-80	780
129	348	210	680
15	199	213	2300
153	117	261	2820
42	-124	-13	480
109	-253	-163	1740
51	-250	26	1340
97	-1	287	980
79	-261	0	580
36	310	176	1860
12	4	-126	3340
74	-219	39	1300
78	355	155	1040
30	-295	17	2520
133	71	46	780
150	304	201	2480
167	262	-188	780
45	128	4	1400
142	380	38	5820
71	-273	-24	920
25	90	232	1280
43	322	95	960
101	152	5	820
173	132	-125	920
139	147	58	860
178	-144	280	480
63	-168	-5	1360
6	-66	172	1400
11	-190	-271	980
171	-246	-18	620
84	219	-185	960
77	311	181	1160
49	127	-63	880
135	-197	271	1560
159	-156	-210	1600
141	219	-27	2780
154	-264	-10	2260
136	-64	199	940
120	-255	278	1800
86	329	-19	1180
16	-322	2	1040
130	304	-302	2480
37	-152	77	3540
115	-122	-101	1780
138	256	-107	1680
33	-128	68	2100
83	-190	-170	1940
24	115	162	720
104	263	76	4280
105	-1	-2	400
23	-253	-4	580
108	-85	-175	1740
