

85	8	1
78	15	1
50	20	1
166	25	1
46	28	1
57	32	1
167	34	1
142	35	1
145	41	1
64	42	1
55	45	1
155	48	1
83	55	1
20	57	1
161	64	1
35	70	1
93	72	1
25	79	1
92	90	1
104	94	1
99	100	1
41	105	1
32	120	1
116	128	1
84	143	1
107	148	1
152	183	1
15	218	1
128	335	1
51	398	1
42	7	1
79	13	1
89	16	1
175	25	1
168	28	1
156	31	1
136	32	1
134	35	1
40	39	1
114	43	1
68	46	1
144	47	1
5	51	1
58	59	1
18	62	1
118	69	1
125	72	1
163	83	1
63	87	1
110	93	1
96	97	1
39	114	1
71	120	1
45	130	1
16	140	1
34	162	1
149	198	1
102	218	1
69	324	1
28	391	1
135	6	1
143	13	1
52	15	1
137	27	1
122	30	1
88	32	1
66	33	1
106	36	1
132	39	1
48	44	1
109	45	1
164	46	1
169	56	1
141	61	1
111	62	1
117	68	1
21	75	1
173	81	1
12	89	1
150	96	1
27	98	1
179	110	1
56	122	1
2	128	1
43	138	1
76	161	1
140	201	1
22	225	1
90	249	1
91	386	1
148	9	1
138	15	1
180	21	1
157	26	1
6	28	1
9	31	1
23	33	1
11	38	1
49	40	1
82	43	1
146	44	1
162	46	1
177	49	1
61	57	1
126	62	1
115	71	1
70	72	1
81	85	1
53	90	1
154	94	1
127	97	1
29	101	1
24	117	1
67	126	1
3	144	1
95	155	1
10	203	1
98	247	1
37	276	1
112	408	1
101	3	2
121	9	2
119	22	2
124	23	2
17	27	2
30	31	2
86	33	2
151	35	2
94	40	2
33	42	2
47	44	2
1	48	2
159	51	2
158	58	2
80	66	2
19	68	2
178	78	2
139	80	2
130	89	2
73	94	2
103	97	2
26	115	2
7	122	2
8	122	2
170	139	2
108	152	2
72	195	2
113	225	2
87	274	2
4	339	2
172	2	3
59	12	3
54	18	3
60	24	3
133	30	3
129	31	3
31	32	3
176	36	3
65	40	3
160	43	3
97	46	3
13	46	3
100	52	3
171	58	3
44	63	3
62	72	3
77	78	3
75	81	3
174	89	3
147	91	3
165	96	3
131	105	3
14	117	3
120	125	3
36	139	3
123	179	3
38	192	3
153	221	3
105	249	3
74	515	3
