

206	-205
146	-195
97	107
103	-203
250	212
-157	-278
-42	223
286	-42
-137	86
-128	206
-67	-130
-194	-146
109	-199
263	-128
88	-113
-231	131
-264	267
262	-144
169	67
191	132
-269	1
-21	38
-5	-159
139	27
-109	286
188	52
-157	-122
243	-237
-62	152
-96	219
-102	65
-158	114
292	-261
9	-139
-15	192
9	-193
32	270
-36	-196
-79	-169
283	107
117	59
221	75
126	-57
-32	66
29	34
178	22
-166	205
-221	259
-298	-46
297	60
-11	241
247	-176
112	-86
-68	-81
57	189
189	228
267	-16
72	-281
126	-264
-271	-148
-296	-220
247	-131
-225	-16
40	19
-28	-16
-76	8
116	-19
274	194
-59	18
1	224
-169	-112
-164	-225
132	12
-173	18
170	21
111	-31
163	164
131	110
-53	-48
81	-26
-163	-161
-143	-99
63	214
-91	-67
235	139
-155	-254
-246	-253
144	-184
-223	-229
218	142
-283	186
-203	283
60	35
291	-99
140	200
179	-211
223	-197
-159	119
-136	192
-17	-44
67	35
-262	-256
-156	-281
140	94
45	51
-174	290
151	-76
-143	-200
214	14
16	-281
204	251
-28	215
-211	-264
-87	87
-38	-249
114	-125
5	-43
0	94
-281	58
-55	-142
-225	-86
-112	-127
-229	194
-51	-91
236	-166
283	-135
-250	102
-196	20
246	72
-97	175
-267	271
-57	-148
95	-257
212	44
-145	30
-57	44
-236	144
180	257
18	289
-170	-279
-118	-31
-274	-126
225	143
19	-100
-157	-30
-114	-258
125	190
285	-169
-261	-109
297	188
280	252
218	-128
-59	233
111	-185
244	-284
-111	-69
122	239
300	95
-150	168
15	-199
-244	-286
215	188
198	280
-205	-63
192	-119
-270	-1
90	-79
152	-241
158	-43
52	28
-36	-86
-105	276
-120	-28
-228	-111
88	68
222	-212
266	-95
236	151
52	26
-121	194


60	-56	-233	1540
102	-242	-215	1720
110	-6	-272	900
142	-177	124	1000
78	207	112	960
176	241	-145	540
170	-49	81	1520
13	167	-166	600
105	64	54	640
162	265	160	520
50	174	52	640
15	-243	150	480
1	236	-151	620
86	-255	-240	420
2	-213	111	1040
6	-163	-241	980
66	-145	-7	1040
135	-154	50	440
115	-116	-202	1240
58	-55	-231	1060
80	111	69	900
109	257	-15	500
31	-110	74	1100
157	44	60	500
117	5	-74	1000
41	107	67	900
14	232	-143	640
88	243	-144	400
11	-112	89	1760
40	144	103	580
62	-102	-173	640
128	144	141	440
116	-144	-139	3560
25	-241	262	580
151	150	144	1160
164	-188	-147	1020
131	-260	152	1660
158	358	73	500
47	-149	193	1360
85	167	-125	1300
167	122	131	1200
33	349	-156	660
124	-23	-168	760
147	207	74	720
130	143	164	1700
160	-80	-122	2160
113	49	46	840
17	-247	257	640
61	-253	-140	840
20	206	143	1180
53	236	68	600
77	242	244	760
45	1	0	580
89	68	-48	940
169	154	45	760
123	-185	120	1380
69	-59	23	1900
129	183	80	800
134	89	-35	940
101	47	39	380
95	-260	-169	840
34	35	-98	820
152	226	145	980
79	-234	140	1600
64	-30	-61	1300
24	193	17	620
42	140	9	480
87	152	-145	1000
165	254	-144	1600
159	-202	152	800
46	1	148	1680
51	0	240	580
83	-120	-167	1460
122	-110	-70	500
120	-249	-150	2000
55	85	152	800
65	-57	8	2680
155	249	-150	900
177	370	-159	660
8	253	-149	1480
76	48	23	2080
119	-239	58	500
19	-49	-21	960
145	-104	-160	780
32	-246	136	580
126	148	56	540
132	-43	-66	480
133	247	-248	500
150	277	177	440
48	-278	258	540
93	-178	135	1740
10	-265	189	640
112	-7	231	460
153	-101	143	1280
175	230	158	760
27	-249	-241	780
118	1	0	1520
140	96	-149	2760
137	-259	237	1940
67	-133	16	1460
107	256	3	700
18	-222	-156	1560
148	254	-139	460
29	120	146	1160
171	7	-129	780
146	297	48	660
37	-186	-3	720
114	-51	51	320
138	152	233	620
38	-205	-138	820
143	-244	159	1540
52	159	-173	1180
103	-248	-260	540
57	195	0	740
68	187	170	540
44	-43	53	500
28	-76	-68	1060
111	258	-73	1260
74	-257	3	440
16	-219	116	500
81	-247	-171	720
172	-241	152	460
56	117	221	1300
139	-16	307	740
136	-53	-58	640
90	169	133	680
121	-273	-130	680
166	-245	100	480
106	154	150	1060
5	211	-4	1020
4	-232	-146	880
36	119	-123	800
178	262	140	760
26	-247	166	600
180	148	163	440
92	-233	280	760
127	-251	153	1400
9	-105	-78	920
163	145	157	760
70	-8	199	560
7	-9	212	1040
100	-3	-26	400
35	-176	-131	1020
49	-168	-4	920
104	115	53	700
71	188	-175	560
22	-7	-118	920
141	-181	7	1520
63	53	38	840
173	-82	3	940
12	142	164	700
54	89	-149	1220
59	105	-219	600
94	265	-238	720
43	170	159	700
174	-235	-194	560
75	-198	147	1000
39	-164	-6	2800
168	265	-176	1060
91	-257	221	500
144	153	121	700
21	-216	-7	520
149	-116	-147	900
161	204	-154	700
82	-261	-150	720
99	-256	239	500
84	-229	-153	1520
125	245	-151	980
156	-91	-74	1040
97	58	-133	440
23	-15	-171	480
108	-258	-156	1060
179	49	49	440
73	358	-251	780
72	-262	-250	700
3	145	159	540
30	-240	152	620
96	173	-136	860
98	-56	-255	1180
154	255	-62	1000


103	1
45	1
130	1
163	1
159	1
98	1
67	1
29	2
73	1
80	2
92	1
89	1
31	1
128	1
99	1
111	1
12	1
32	2
117	1
140	1
124	1
9	1
69	1
34	1
14	1
120	1
174	1
28	2
152	1
95	1
116	1
78	2
82	1
126	2
72	1
172	1
4	1
170	1
2	1
125	1
134	1
79	2
19	1
164	2
93	1
119	1
84	1
5	1
96	1
90	1
13	1
123	1
58	2
33	1
56	1
26	2
22	1
175	1
20	1
36	1
100	1
65	2
158	2
21	1
169	1
105	2
64	2
168	1
137	1
165	1
52	1
11	1
171	1
167	1
10	1
7	1
114	2
148	1
180	2
131	1
85	1
166	1
6	1
156	1
25	1
81	1
106	2
133	2
101	1
47	1
8	1
40	1
160	2
18	1
129	1
155	2
161	2
76	1
143	1
75	1
87	1
41	1
51	1
62	1
113	1
53	1
16	1
104	1
23	2
30	1
38	1
59	1
71	1
118	1
68	1
109	2
48	1
49	1
136	1
176	2
145	1
43	1
3	1
153	1
46	2
121	1
154	1
27	1
147	1
144	1
15	1
178	1
70	1
139	1
88	1
24	1
54	2
112	2
39	1
102	2
110	2
108	1
42	2
91	1
74	1
122	1
57	1
127	1
150	1
50	1


103	-233	-260	1280
45	-16	-15	800
130	-278	13	1020
163	205	175	660
159	-256	79	3540
98	-42	-244	1120
67	170	-1	740
73	345	-239	1160
92	237	252	1160
89	-254	-234	3100
31	-114	75	2780
128	219	74	1880
99	-250	248	1120
111	143	238	1060
12	143	251	820
117	-11	-109	1320
140	-115	-248	2620
124	6	-202	900
9	110	78	3900
69	-71	1	2380
34	13	-197	980
14	244	-145	1200
120	-30	-47	3000
174	-238	-155	1160
152	257	159	5800
95	258	144	960
116	169	-56	2200
82	-251	-139	1180
72	-252	-152	1220
172	-246	-4	1200
4	-170	215	2380
170	-42	222	860
2	-255	144	920
125	353	-245	2900
134	121	60	1320
19	-54	-44	940
93	-242	143	1100
119	-247	40	940
84	241	223	1340
5	-101	-224	860
96	255	-153	900
90	153	150	640
13	92	-193	1080
123	-262	85	1360
33	249	-251	920
56	136	245	840
22	1	-133	900
175	-240	-95	1300
20	250	150	1080
36	-145	-232	780
100	-8	-76	640
21	-234	7	1240
169	157	135	1200
168	268	-70	1760
137	-251	250	1000
165	235	31	1420
52	-110	-152	1540
11	115	77	880
171	-21	-126	860
167	-158	162	680
10	-251	99	780
7	256	-69	1280
148	250	-253	1540
131	50	46	780
85	156	150	1480
166	-86	-142	960
6	-152	-253	760
156	-92	-63	1080
25	-270	245	820
81	-249	-152	940
101	58	50	760
47	-199	20	1580
8	254	-246	2860
40	-281	71	1340
18	-237	159	2420
129	-139	80	1080
76	-70	-90	1680
143	-330	47	820
75	-257	-229	1140
87	143	52	1000
41	136	62	760
51	-1	235	760
62	121	-241	880
113	-153	-249	1360
53	-48	-49	520
16	-177	31	960
104	157	74	1220
30	-231	76	2080
38	265	-261	1460
59	-95	-232	1080
71	-154	-143	1000
118	-158	161	1080
68	253	244	900
48	-240	244	700
49	-362	29	1480
136	-50	-44	840
145	-278	-9	1980
43	264	145	880
3	-150	46	820
153	-51	243	1540
121	-342	-238	1140
154	260	-251	1020
27	-355	-153	1300
147	156	150	3280
144	-152	-238	1180
15	-249	83	640
178	259	153	880
70	4	-103	860
139	34	274	1040
88	261	46	1200
24	66	-41	1080
39	-106	-209	3000
108	-259	-155	1280
91	-247	244	800
74	-249	-146	1520
122	-112	-80	880
57	212	0	760
127	-259	86	1240
150	256	162	940
50	139	56	580


143	-254	22	1760
99	-258	238	700
173	-154	8	1780
102	-256	-165	820
80	-246	12	1640
105	62	49	440
41	147	89	740
13	143	-242	1200
28	-149	153	1320
21	-336	9	540
35	89	138	1300
169	238	64	480
100	-11	-81	420
23	-5	-211	1020
107	349	-3	1200
60	61	-242	2200
103	-255	-240	1060
122	-106	-75	1100
37	-104	163	1840
4	156	-163	1060
120	-52	-46	1180
146	161	136	1560
133	255	-157	2720
166	-343	150	700
26	-356	57	2400
164	156	243	1080
16	-142	250	2120
178	242	147	740
91	-248	251	700
81	-161	-159	860
18	-273	-147	1560
150	254	167	440
75	-246	235	2560
165	260	-161	700
39	-111	-241	1320
34	152	-148	1440
46	-23	-98	960
175	-243	233	1620
54	106	-84	2160
106	-146	-170	940
171	-14	-163	840
160	354	151	1820
64	130	58	1120
44	-52	48	440
52	-146	-240	1280
59	-94	-255	740
68	247	249	540
172	-336	9	720
40	-249	-155	2300
42	143	54	720
43	151	255	520
36	-153	-253	1020
127	-265	147	880
38	357	59	860
12	157	246	2180
112	-7	262	680
93	164	-252	1340
141	262	257	1460
151	353	-234	580
56	152	255	560
96	340	-240	680
51	-23	264	580
79	-244	134	2700
77	261	256	3920
84	107	-70	1740
24	17	28	940
98	-44	-247	1220
149	4	-229	820
111	254	164	640
144	-348	-252	760
45	-9	-22	880
1	241	-152	1340
74	171	73	920
140	-151	-59	1440
5	-262	166	840
136	62	45	580
137	-253	247	520
109	253	18	460
15	-275	-24	1000
115	-103	-231	840
113	47	249	780
139	-18	280	500
176	-20	-189	460
121	-147	-245	2020
85	150	243	480
108	-252	-150	700
138	57	143	1220
129	141	-149	1240
145	-158	9	1440
95	62	63	940
73	350	-241	1200
71	153	-251	1140
69	45	-257	600
92	-258	273	1720
20	-251	-150	2120
67	151	168	1500
116	156	-143	1000
63	-66	46	800
131	-255	242	4660
158	383	2	780
101	50	48	360
50	169	53	600
114	-57	39	340
61	141	-162	1020
174	-267	-236	840
148	347	-238	460
55	64	154	1360
110	-14	-319	960
152	-253	-145	420
161	255	174	1440
155	275	-258	600
62	-165	165	940
9	104	54	960
125	-354	-143	1860
7	-101	-140	1420
49	-134	34	1680
90	140	156	1360
33	268	-251	960
31	-109	78	1040
6	-143	-239	580
82	-270	-143	500
57	270	12	1020
72	-246	-149	2320
170	53	-244	740
83	-20	-25	2420
118	-221	-2	640
142	-150	-244	1940
167	-97	-163	1400
47	-177	178	880
10	-230	188	660
76	52	-48	600
126	154	48	1860
78	-157	235	1740
134	155	-143	2620
180	162	150	1700
89	-58	-52	1020
130	-342	51	1120
66	141	-41	1620
70	-12	-34	540
179	54	60	780
97	141	-131	640
177	349	-161	1480
168	-149	148	1160
119	-252	5	560
163	143	256	520
124	-33	-175	460
153	-100	213	940
25	-251	241	520
32	-243	-140	1580
30	-239	41	500
27	-260	-145	980
22	-21	-154	460
156	-77	-63	620
154	246	-154	460
147	126	-169	680
19	-84	-62	360
48	-248	262	500
117	-19	-58	380
128	-253	-163	1840
53	288	43	1220
162	263	183	860
14	251	-144	440
88	245	63	480
3	-49	-160	1420
87	62	144	940
86	-278	-229	540
157	-250	69	1300
65	-40	-63	960
8	249	145	1020
132	-41	-148	1600
135	-208	-3	1100
94	257	-137	1020
29	-60	-126	820
123	-274	126	840
159	-226	155	1180
58	57	-247	1380
11	324	160	760
17	-261	236	580
104	96	59	560
2	267	-250	2080
