

87	-69
210	-67
-23	299
-239	14
273	-276
-166	21
139	-239
-199	56
187	-199
29	17
178	-259
115	-189
123	188
188	109
-185	-187
-280	249
-3	-255
-227	-16
90	-41
-203	49
-241	-100
191	289
46	-296
-256	-232
-278	-229
-203	143
-258	261
232	-277
183	278
-201	67
46	-91
-158	-246
-142	-160
-126	202
-55	-130
-116	202
122	-249
218	-13
-278	199
-102	94
-192	42
4	139
146	250
-69	-102
154	-46
166	-214
88	-146
-58	260
234	-170
-15	-117
288	13
274	93
18	-157
272	206
-277	216
-271	218
-300	-238
300	76
42	4
155	-72
244	244
-206	100
-222	-60
197	179
-60	-116
248	-7
79	-85
216	-105
178	55
281	125
-37	208
76	-109
-97	-149
-184	144
73	190
-66	-288
91	-244
-37	-81
-248	4
75	270
237	37
-70	-246
-2	-164
-71	-13
-100	-279
-144	-210
-65	-168
-173	132
-169	-226
137	10
3	-234
275	-229
-124	-228
201	173
-112	-27
4	88
217	-274
-36	-83
-8	21
-59	-129
-224	219
-214	100
-103	203
-33	-151
-90	-267
-132	244
-17	16
-169	201
169	225
-94	271
-80	231
192	-120
-208	-262
177	-114
-260	-197
-217	-280
112	-120
68	-272
-125	110
-121	-58
157	171
-107	139
204	148
38	-257
-144	-278
2	159
-94	133
-215	-191
204	152
133	85
179	135
-284	252
-139	-287
-196	248
75	184
289	-56
-99	-259
-99	79
-259	7
-15	-291
9	112
-236	-13
-33	-296
-148	-22
179	-203
-292	270
-182	94
204	-287
-82	-192
51	-81
237	141
87	-115
59	216
112	-47
-243	130
-120	-274
54	-250
152	-242
246	176
135	-140
160	108
-247	128
-13	282
35	-53
-161	15
30	-288
-85	-13
-132	94
-174	21
-187	33
-62	-212
205	14
56	-109
151	-251
273	4
-196	-1
292	-230
-245	-158
-107	-104
243	134


50	-7	-72	2580
25	-271	-226	780
97	243	-240	1080
100	-75	-117	820
5	239	-205	660
172	201	-4	840
37	157	237	2520
53	-4	-95	720
14	207	109	1040
34	-130	226	640
131	116	211	1240
27	-271	252	440
26	-149	138	2600
155	140	257	1380
107	0	36	880
17	-6	-249	440
159	232	232	3000
68	160	-226	1500
167	138	241	2320
45	190	-20	620
52	138	97	1260
98	-57	-73	1600
57	-278	-244	980
10	128	252	2620
55	-257	224	620
77	151	-250	520
23	117	-226	1540
171	-123	-217	760
176	-260	2	820
3	-6	293	1300
15	-144	-86	1640
66	304	-98	1840
72	130	-88	580
60	146	-79	1880
152	199	-206	1780
80	140	254	2880
174	120	-243	1160
139	265	-8	1680
124	39	-241	1100
39	-122	167	1780
44	-54	-89	580
85	-87	-218	840
126	-4	-15	2760
70	241	90	360
101	-303	245	520
121	296	199	1520
143	-111	-245	800
134	-102	223	640
32	-126	-247	660
166	33	-249	1520
92	277	-222	500
120	-120	-81	600
75	157	236	1400
170	-158	83	1020
48	-37	268	840
145	128	-15	1420
47	134	-167	620
82	-60	-259	960
91	33	-248	1180
35	237	90	1500
154	123	-11	720
73	-97	-56	700
180	262	252	800
157	102	-248	780
109	228	253	520
153	3	261	840
102	-142	95	880
173	36	-41	2800
36	77	-258	680
71	22	242	520
132	-260	239	600
24	-253	-236	540
58	315	93	2860
106	213	232	1360
138	-92	79	1560
140	25	-250	2000
11	161	-224	800
16	-233	243	1980
13	217	234	920
119	-108	155	800
148	149	-275	1780
178	-260	-102	640
179	-84	-87	700
46	188	-200	640
41	-193	68	780
42	-6	204	740
54	251	201	860
56	-266	202	1240
108	-278	215	2440
122	-145	185	860
59	149	-49	1020
8	-170	-15	580
86	142	-220	800
40	-114	97	2100
137	86	281	2080
160	149	-235	600
146	-314	244	1480
163	241	244	1340
96	0	-62	1820
147	-253	-240	600
20	-198	-9	1520
136	315	-63	1320
87	17	-268	740
64	230	191	1060
51	239	3	760
90	102	-2	580
117	153	1	2240
105	85	-257	740
128	-132	-205	1560
156	-42	-249	800
2	260	-92	540
116	-139	-247	800
6	285	-68	2860
43	122	255	420
28	194	-237	680
62	192	246	1720
30	-135	86	2120
118	168	-253	500
94	95	-75	640
129	205	102	440
161	251	102	540
22	256	258	480
49	194	-233	1240
110	-65	260	1580
164	70	-44	540
19	0	0	820
79	-225	1	460
111	-136	196	800
7	213	-228	540
141	18	59	1440
177	310	-236	520
162	-251	102	380
74	208	-8	1220
103	139	-209	1960
112	262	-5	340
150	130	-205	1560
158	190	-225	480
29	239	258	560
81	248	13	1000
65	-48	-86	700
67	125	-95	700
142	-218	-8	500
175	293	103	760
123	232	259	560
168	-127	100	860
127	81	-68	840
130	281	110	3700
89	-64	-273	1560
114	309	-69	420
104	3	-155	580
125	-127	165	2180
115	-264	-200	480
149	152	-213	360
99	-6	18	960
78	-18	-244	980
1	114	-92	540
63	-276	-9	500
38	393	-11	1500
95	-125	-24	2240
133	31	23	1140
84	-119	7	500
21	-114	119	2240
31	109	-93	340
33	-262	-235	420
151	258	241	420
61	249	267	560
76	258	-237	2920
9	228	-201	380
88	-209	103	480
135	174	208	520
113	-246	-274	1220
4	-243	-1	360
144	135	-210	1760
165	-155	-4	440
12	156	-109	520
83	1	-191	1100
18	-228	3	2660
69	198	-6	1080
169	-111	234	2140
93	-223	-240	1100


77	2
153	1
140	1
13	1
44	2
78	1
130	1
180	2
94	1
131	1
95	1
106	2
70	2
1	2
111	1
10	1
40	2
126	1
129	1
11	1
59	1
74	1
73	1
100	2
14	1
6	1
108	1
49	1
112	1
179	1
89	1
118	2
137	1
48	1
60	1
138	1
71	1
87	1
135	1
42	2
158	1
43	1
83	1
28	1
156	2
29	1
154	1
91	1
51	1
160	1
84	1
24	1
90	1
167	1
107	1
30	1
175	1
36	1
23	1
98	1
69	1
64	1
152	1
116	1
172	1
61	1
8	1
134	1
16	1
86	1
104	1
45	2
31	1
159	2
65	1
170	1
33	1
171	1
26	1
114	1
125	1
57	1
12	1
96	2
81	1
55	1
38	2
88	1
163	1
177	1
133	1
165	1
4	1
93	1
109	2
176	1
168	1
103	1
68	2
58	1
164	1
150	1
21	1
145	1
72	1
79	1
157	1
15	2
76	1
113	2
41	2
105	1
9	1
62	1
128	1
151	1
122	1
117	1
121	1
50	1
20	1
17	2
174	2
173	1
119	2
82	1
3	1
63	1
53	1
120	2
102	2
18	1
149	2
5	1
99	1
56	2
139	2
32	1
25	1
136	1
47	1
162	1
2	1
22	1
115	1
35	2
75	2
161	1
144	1
110	1


153	-5	0	1460
140	0	-2	2060
13	233	256	3780
78	-44	-229	1020
130	279	97	940
94	147	181	1940
131	144	240	920
95	-149	-27	1060
111	-127	194	780
10	141	242	840
126	67	-236	2140
129	241	106	960
11	143	-232	680
59	236	-12	1320
74	242	-1	1660
73	-91	-68	560
14	240	102	1380
6	94	-224	1740
108	-271	245	680
49	237	-242	1360
112	234	-12	520
179	90	-252	2940
89	-98	-240	640
137	104	237	2980
48	-67	287	1960
60	228	-10	2580
138	-101	96	540
71	-7	226	2600
87	-15	-101	2940
135	265	199	1300
158	240	-244	1940
43	166	247	2800
83	-6	-189	2720
28	267	-231	720
29	255	248	820
154	139	2	960
91	66	-245	2000
51	249	-9	1580
160	133	-247	920
84	-134	-1	2540
24	-267	-238	820
90	120	-8	2380
167	145	234	840
107	-8	-84	2840
30	-143	101	1040
175	271	0	1040
36	-90	-242	820
23	145	-250	480
98	-87	89	4800
69	106	-1	640
64	267	191	1220
152	233	-235	880
116	-156	-244	700
172	245	0	620
61	164	257	2940
8	-239	-10	600
134	-145	248	2560
16	-253	242	1780
86	138	-229	680
104	-35	-140	1500
31	128	-94	540
65	-63	-92	600
170	-141	83	2660
33	-281	-239	800
171	59	-212	1680
26	-147	104	1320
114	299	1	1160
125	-158	105	920
57	-272	-235	740
12	132	-87	960
81	230	12	960
55	-269	239	1200
88	-249	101	900
163	145	254	900
177	306	-231	1200
133	178	-6	1980
165	-151	100	1080
4	-237	-8	840
93	-246	-235	1060
176	138	-3	1140
168	-155	104	480
103	153	-239	660
58	314	98	740
164	133	-1	1620
150	139	2	1800
21	-120	221	2480
145	144	-248	500
72	136	-69	540
79	-137	-1	1240
157	82	-249	560
76	83	-268	1140
105	90	-223	700
9	238	-246	540
62	-255	262	480
128	-130	-193	480
151	234	112	540
122	-134	102	480
117	172	86	640
121	153	247	1320
50	-6	-71	920
20	-147	13	900
173	-21	-103	580
82	-56	-240	740
3	-42	300	580
63	-306	45	1060
53	-27	-106	540
18	-157	8	940
5	255	-102	1000
99	-2	-73	3120
32	-141	-267	580
25	-236	-244	1700
136	293	-2	1820
47	171	-244	680
162	-260	90	1660
2	246	0	440
22	248	287	540
115	-232	-249	1140
161	222	106	540
144	156	-236	520
110	-42	256	660


89	-51	-237	1260
124	43	-246	760
1	128	-100	1920
161	248	100	1100
162	-257	93	1060
56	-275	200	1840
54	265	222	1220
88	-275	210	600
75	236	238	720
180	276	259	780
147	136	-251	1080
6	81	-240	700
95	-146	-29	1780
101	-258	253	1440
41	-312	205	640
148	139	-232	2320
94	161	230	1720
153	129	253	1700
122	-124	199	540
35	242	96	2920
175	235	-4	660
115	-267	-252	560
84	-142	2	1300
97	288	-244	1120
13	239	253	600
30	-134	232	1000
144	125	-247	400
99	-7	-69	620
91	149	-233	600
155	166	240	1980
52	252	99	900
59	229	-1	1060
113	135	-255	720
85	-129	-238	2080
142	-249	-4	900
64	331	192	700
127	-143	249	2420
61	247	268	580
46	160	-228	3080
179	155	-256	2880
152	261	-254	440
81	248	0	1060
169	-125	92	1560
66	299	1	2000
156	-35	-197	560
103	168	-234	660
14	236	113	2440
40	-135	96	2220
31	149	-94	480
51	253	4	620
87	96	-218	5100
43	194	247	620
108	-245	260	560
4	-253	-1	560
47	153	-251	2020
80	251	271	740
141	2	35	1360
98	-136	-2	1380
109	185	269	1240
76	-99	-262	2000
158	280	-250	680
143	-132	-254	900
168	-138	98	460
173	7	-123	960
165	-231	8	820
177	313	-233	820
134	-131	256	640
2	265	-15	2140
174	162	-256	520
53	2	-154	700
116	-140	-245	1480
166	167	268	1080
17	3	-248	800
170	-206	66	2140
117	180	86	440
149	165	-238	540
79	-140	-6	1940
130	291	101	1860
154	145	-6	1020
23	178	-233	600
63	-305	8	1100
74	280	238	740
135	358	126	3120
38	-106	260	1300
111	-132	223	700
176	-253	6	580
138	-94	104	480
136	337	3	1040
82	-47	-251	860
178	-245	-91	700
49	-126	-247	2180
164	138	0	1000
25	-255	-239	860
96	-71	-248	1980
48	-66	260	580
21	262	241	720
123	247	97	940
146	-284	231	2140
67	106	-89	1800
73	-97	-84	580
16	-259	267	620
128	-124	-220	1160
36	87	-257	500
34	-153	233	900
151	265	199	700
107	242	-9	2440
110	-35	271	580
44	-62	-108	760
114	361	3	1260
65	-80	-97	580
60	197	-50	3660
12	212	-245	580
50	28	-96	680
86	160	-238	440
121	174	247	1500
171	77	-207	520
92	275	226	3160
24	-247	-247	540
62	-163	245	720
145	163	-246	440
137	76	-240	660
159	248	237	500
77	140	-235	480
140	-6	-247	860
104	-33	-141	500
139	350	1	540
118	157	-249	520
29	263	248	840
129	283	189	1300
26	-124	90	1140
163	238	241	720
18	-271	6	460
102	-166	108	1340
7	176	-242	840
119	-128	105	1500
172	292	-11	440
19	134	-250	1120
83	-2	-178	1400
45	257	-5	940
106	-140	96	900
160	157	-255	380
150	153	2	860
100	-69	-102	540
90	188	4	1260
167	209	248	780
27	-246	253	560
22	260	254	640
33	-270	-243	480
39	-276	217	3140
58	301	94	640
132	-130	233	1820
28	293	-236	720
126	-74	-16	2740
70	243	195	1060
9	262	-223	500
69	135	-2	620
57	-268	-255	800
8	-247	0	540
93	-242	-240	1120
131	146	249	600
55	-274	215	780
15	-139	-18	2060
157	115	-246	680
42	-7	157	440
10	261	237	800
72	150	-96	2320
37	-169	-6	1060
71	2	241	560
125	-159	107	800
3	-7	250	600
32	-140	-243	940
133	-10	5	920
78	-9	-262	1340
105	92	-238	300
112	236	-1	540
11	141	-243	980
120	-101	-80	840
20	-236	6	460
5	338	-112	2000
68	148	-246	500
