

99	3	1
95	13	1
82	16	1
165	19	1
58	22	1
43	24	1
107	26	1
32	32	1
91	33	1
90	37	1
158	41	1
16	47	1
2	55	1
28	55	1
29	59	1
53	65	1
30	68	1
153	71	1
128	84	1
160	96	1
93	99	1
135	101	1
108	109	1
87	129	1
130	150	1
78	164	1
163	256	1
167	338	1
125	443	1
103	477	1
115	5	1
138	7	1
4	15	1
177	18	1
57	22	1
61	23	1
162	26	1
179	28	1
64	35	1
11	38	1
50	45	1
51	50	1
129	50	1
170	57	1
171	61	1
69	64	1
173	70	1
49	74	1
5	78	1
161	91	1
134	97	1
151	102	1
59	119	1
112	134	1
33	141	1
126	174	1
21	253	1
144	339	1
133	353	1
6	459	1
25	7	1
168	7	1
3	18	1
14	19	1
55	21	1
79	23	1
81	26	1
83	27	1
65	32	1
104	36	1
9	41	1
47	50	1
84	52	1
72	57	1
122	59	1
31	63	1
111	66	1
63	74	1
116	84	1
12	89	1
23	99	1
13	104	1
89	115	1
114	139	1
150	147	1
105	175	1
10	255	1
86	286	1
62	423	1
36	498	1
24	5	1
60	11	1
172	18	1
18	19	1
48	22	1
98	23	1
136	26	1
110	31	1
164	36	1
154	37	1
88	46	1
157	48	1
26	54	1
140	57	1
20	58	1
176	64	1
71	68	1
22	72	1
8	76	1
73	93	1
131	98	1
175	101	1
117	127	1
121	141	1
152	144	1
145	194	1
94	269	1
76	327	1
74	420	1
137	570	1
17	6	2
40	12	2
56	16	2
44	19	2
100	20	2
120	23	2
41	26	2
174	32	2
1	35	2
113	39	2
45	44	2
119	48	2
70	53	2
159	57	2
77	60	2
109	65	2
42	65	2
102	72	2
156	81	2
75	95	2
118	101	2
15	109	2
180	119	2
68	133	2
96	150	2
38	175	2
149	234	2
106	345	2
35	365	2
139	524	2
92	7	3
27	15	3
124	16	3
142	18	3
54	21	3
34	24	3
46	26	3
132	27	3
146	34	3
166	39	3
97	42	3
67	47	3
141	53	3
148	56	3
178	57	3
85	62	3
80	66	3
7	74	3
101	83	3
143	93	3
19	98	3
66	106	3
123	114	3
52	136	3
39	159	3
169	222	3
127	266	3
147	341	3
155	403	3
37	487	3
